                 Generalized Linear Model Regression Results                  
==============================================================================
Dep. Variable:                      Y   No. Observations:                15172
Model:                            GLM   Df Residuals:                    15088
Model Family:                Binomial   Df Model:                           83
Link Function:                  Logit   Scale:                          1.0000
Method:                          IRLS   Log-Likelihood:                -3324.2
Date:                Sun, 17 Mar 2024   Deviance:                       6648.4
Time:                        19:19:32   Pearson chi2:                 2.11e+04
No. Iterations:                    17   Pseudo R-squ. (CS):            0.03711
Covariance Type:            nonrobust                                         
================================================================================
                   coef    std err          z      P>|z|      [0.025      0.975]
--------------------------------------------------------------------------------
Intercept       -3.3521      0.055    -60.399      0.000      -3.461      -3.243
SQ_RET_LAG1   9.503e+04   1.27e+04      7.491      0.000    7.02e+04     1.2e+05
SQ_RET_LAG10    1.8e+04   9100.582      1.978      0.048     163.713    3.58e+04
SQ_RET_LAG11  6340.0200   9310.632      0.681      0.496   -1.19e+04    2.46e+04
SQ_RET_LAG12  1.293e+04   9254.417      1.397      0.162   -5209.531    3.11e+04
SQ_RET_LAG13  8930.2774   9351.893      0.955      0.340   -9399.097    2.73e+04
SQ_RET_LAG14  8124.6500   9240.353      0.879      0.379   -9986.109    2.62e+04
SQ_RET_LAG15   2.17e+04   9068.167      2.393      0.017    3926.262    3.95e+04
SQ_RET_LAG16 -3098.9258   9548.707     -0.325      0.746   -2.18e+04    1.56e+04
SQ_RET_LAG17  1.436e+04   9569.088      1.501      0.133   -4393.110    3.31e+04
SQ_RET_LAG18  4596.3126   9213.012      0.499      0.618   -1.35e+04    2.27e+04
SQ_RET_LAG19  1.512e+04   9052.086      1.670      0.095   -2626.193    3.29e+04
SQ_RET_LAG2  -1.778e+04   1.22e+04     -1.454      0.146   -4.17e+04    6182.016
SQ_RET_LAG20  2037.1279   9447.063      0.216      0.829   -1.65e+04    2.06e+04
SQ_RET_LAG21   1.84e+04   9059.013      2.031      0.042     646.457    3.62e+04
SQ_RET_LAG22  1036.9355   9642.053      0.108      0.914   -1.79e+04    1.99e+04
SQ_RET_LAG23  1.495e+04   9449.562      1.582      0.114   -3573.454    3.35e+04
SQ_RET_LAG24  -194.5293   1.02e+04     -0.019      0.985   -2.03e+04    1.99e+04
SQ_RET_LAG25  1.129e+04   9468.063      1.192      0.233   -7270.491    2.98e+04
SQ_RET_LAG26  1.084e+04   9187.971      1.180      0.238   -7164.952    2.89e+04
SQ_RET_LAG27    1.1e+04   9170.476      1.199      0.230   -6975.397     2.9e+04
SQ_RET_LAG28  4468.9529   9556.749      0.468      0.640   -1.43e+04    2.32e+04
SQ_RET_LAG29  1.316e+04   9409.945      1.399      0.162   -5281.340    3.16e+04
SQ_RET_LAG3   3.696e+04   1.03e+04      3.578      0.000    1.67e+04    5.72e+04
SQ_RET_LAG30  3061.0669   9948.233      0.308      0.758   -1.64e+04    2.26e+04
SQ_RET_LAG31  7380.1961   1.01e+04      0.733      0.463   -1.23e+04    2.71e+04
SQ_RET_LAG32  9332.7176   9756.666      0.957      0.339   -9789.996    2.85e+04
SQ_RET_LAG33  8409.2117   1.05e+04      0.798      0.425   -1.22e+04    2.91e+04
SQ_RET_LAG34 -3037.3237   1.32e+04     -0.230      0.818   -2.89e+04    2.28e+04
SQ_RET_LAG35  -1.15e+04   1.19e+04     -0.967      0.333   -3.48e+04    1.18e+04
SQ_RET_LAG36  3.226e+04   9733.831      3.315      0.001    1.32e+04    5.13e+04
SQ_RET_LAG37 -1.902e+04   1.08e+04     -1.756      0.079   -4.03e+04    2212.275
SQ_RET_LAG38  3.362e+04   9599.777      3.502      0.000    1.48e+04    5.24e+04
SQ_RET_LAG39 -1.442e+04   1.16e+04     -1.247      0.212   -3.71e+04    8250.490
SQ_RET_LAG4   1.697e+04   9765.104      1.737      0.082   -2173.006    3.61e+04
SQ_RET_LAG40  1.568e+04   1.03e+04      1.518      0.129   -4569.963    3.59e+04
SQ_RET_LAG41  3644.6629   9897.707      0.368      0.713   -1.58e+04     2.3e+04
SQ_RET_LAG42  1.089e+04   9865.048      1.104      0.270   -8448.542    3.02e+04
SQ_RET_LAG43  5280.7718   9916.735      0.533      0.594   -1.42e+04    2.47e+04
SQ_RET_LAG44  9287.4222   9800.374      0.948      0.343   -9920.958    2.85e+04
SQ_RET_LAG45  9970.5178   1.03e+04      0.964      0.335   -1.03e+04    3.02e+04
SQ_RET_LAG46 -4127.8072   1.06e+04     -0.391      0.696   -2.48e+04    1.66e+04
SQ_RET_LAG47  2.275e+04   9291.420      2.449      0.014    4542.857     4.1e+04
SQ_RET_LAG48  -616.7484   9629.822     -0.064      0.949   -1.95e+04    1.83e+04
SQ_RET_LAG49  2.478e+04   9757.744      2.539      0.011    5654.433    4.39e+04
SQ_RET_LAG5   5361.2877   9666.644      0.555      0.579   -1.36e+04    2.43e+04
SQ_RET_LAG50 -1.519e+04   1.21e+04     -1.256      0.209   -3.89e+04    8514.682
SQ_RET_LAG51  2.184e+04   1.08e+04      2.023      0.043     677.907     4.3e+04
SQ_RET_LAG52 -1.938e+04   1.31e+04     -1.478      0.139   -4.51e+04    6311.827
SQ_RET_LAG53  2.491e+04   9800.339      2.542      0.011    5700.566    4.41e+04
SQ_RET_LAG54  -704.4889   1.03e+04     -0.068      0.946    -2.1e+04    1.96e+04
SQ_RET_LAG55  1.113e+04   9893.043      1.125      0.260   -8257.558    3.05e+04
SQ_RET_LAG56  5826.0339   9945.424      0.586      0.558   -1.37e+04    2.53e+04
SQ_RET_LAG57  7249.5087   9689.849      0.748      0.454   -1.17e+04    2.62e+04
SQ_RET_LAG58  1.224e+04   9275.882      1.320      0.187   -5940.829    3.04e+04
SQ_RET_LAG59  1.237e+04   9054.621      1.366      0.172   -5374.501    3.01e+04
SQ_RET_LAG6   1.754e+04   8910.830      1.969      0.049      78.849     3.5e+04
SQ_RET_LAG60  8824.8529   9227.769      0.956      0.339   -9261.243    2.69e+04
SQ_RET_LAG7   8052.9100   9400.921      0.857      0.392   -1.04e+04    2.65e+04
SQ_RET_LAG8   1.294e+04   9225.611      1.402      0.161   -5144.474     3.1e+04
SQ_RET_LAG9   6977.2355   9231.712      0.756      0.450   -1.11e+04    2.51e+04
VOL_LAG1      1.293e-07   7.11e-08      1.818      0.069   -1.01e-08    2.69e-07
VOL_LAG10     4.176e-08   9.77e-08      0.427      0.669    -1.5e-07    2.33e-07
VOL_LAG11     1.204e-07   7.92e-08      1.521      0.128   -3.48e-08    2.76e-07
VOL_LAG12     8.986e-08   8.74e-08      1.028      0.304   -8.15e-08    2.61e-07
VOL_LAG13     1.213e-07   7.98e-08      1.521      0.128    -3.5e-08    2.78e-07
VOL_LAG14     8.151e-08   9.04e-08      0.902      0.367   -9.57e-08    2.59e-07
VOL_LAG15     6.359e-08   9.52e-08      0.668      0.504   -1.23e-07     2.5e-07
VOL_LAG16     1.222e-07   8.63e-08      1.416      0.157   -4.69e-08    2.91e-07
VOL_LAG17    -2.525e-08   1.37e-07     -0.185      0.853   -2.93e-07    2.43e-07
VOL_LAG18     2.392e-08   1.13e-07      0.212      0.832   -1.97e-07    2.45e-07
VOL_LAG19     9.238e-08   9.49e-08      0.973      0.330   -9.36e-08    2.78e-07
VOL_LAG2      2.359e-07   6.58e-08      3.584      0.000    1.07e-07    3.65e-07
VOL_LAG20      5.03e-08   1.09e-07      0.461      0.645   -1.63e-07    2.64e-07
VOL_LAG21     1.763e-08    1.2e-07      0.147      0.883   -2.18e-07    2.53e-07
VOL_LAG22    -1.616e-08   1.36e-07     -0.119      0.905   -2.82e-07     2.5e-07
VOL_LAG23     1.073e-07   9.25e-08      1.159      0.246   -7.41e-08    2.89e-07
VOL_LAG24     4.792e-08   1.12e-07      0.428      0.669   -1.72e-07    2.67e-07
VOL_LAG25     6.769e-08   1.03e-07      0.656      0.512   -1.35e-07     2.7e-07
VOL_LAG26     5.164e-08   1.11e-07      0.464      0.643   -1.67e-07     2.7e-07
VOL_LAG27     1.413e-08   1.33e-07      0.107      0.915   -2.46e-07    2.74e-07
VOL_LAG28    -1.194e-08    1.4e-07     -0.085      0.932   -2.86e-07    2.62e-07
VOL_LAG29     9.235e-09   1.34e-07      0.069      0.945   -2.53e-07    2.71e-07
VOL_LAG3      1.248e-07   7.34e-08      1.702      0.089   -1.89e-08    2.69e-07
VOL_LAG30     1.279e-07   9.31e-08      1.374      0.169   -5.46e-08     3.1e-07
VOL_LAG31    -5.809e-09   1.41e-07     -0.041      0.967   -2.82e-07    2.71e-07
VOL_LAG32    -7.673e-09   1.44e-07     -0.053      0.958   -2.91e-07    2.75e-07
VOL_LAG33    -3.356e-08   1.58e-07     -0.213      0.832   -3.43e-07    2.76e-07
VOL_LAG34    -1.636e-08   1.56e-07     -0.105      0.916   -3.22e-07    2.89e-07
VOL_LAG35    -2.786e-08   1.54e-07     -0.181      0.857    -3.3e-07    2.74e-07
VOL_LAG36     8.421e-08   1.08e-07      0.778      0.437   -1.28e-07    2.96e-07
VOL_LAG37      3.91e-09   1.35e-07      0.029      0.977   -2.61e-07    2.68e-07
VOL_LAG38     9.004e-08   1.05e-07      0.858      0.391   -1.16e-07    2.96e-07
VOL_LAG39    -6.374e-08    1.8e-07     -0.354      0.723   -4.17e-07    2.89e-07
VOL_LAG4      8.534e-08   8.01e-08      1.065      0.287   -7.17e-08    2.42e-07
VOL_LAG40    -1.353e-08   1.48e-07     -0.091      0.927   -3.04e-07    2.77e-07
VOL_LAG41     1.058e-07    1.1e-07      0.963      0.336    -1.1e-07    3.21e-07
VOL_LAG42    -1.347e-07   2.07e-07     -0.650      0.515   -5.41e-07    2.71e-07
VOL_LAG43     1.529e-07   9.03e-08      1.694      0.090    -2.4e-08     3.3e-07
VOL_LAG44    -6.067e-08   1.91e-07     -0.317      0.751   -4.35e-07    3.14e-07
VOL_LAG45    -1.955e-07   2.56e-07     -0.765      0.444   -6.96e-07    3.05e-07
VOL_LAG46    -3.701e-08   1.58e-07     -0.234      0.815   -3.46e-07    2.72e-07
VOL_LAG47     1.024e-07   1.04e-07      0.984      0.325   -1.02e-07    3.06e-07
VOL_LAG48     1.094e-07   1.05e-07      1.041      0.298   -9.67e-08    3.15e-07
VOL_LAG49    -1.039e-07   1.98e-07     -0.525      0.600   -4.92e-07    2.84e-07
VOL_LAG5      9.186e-08   8.22e-08      1.118      0.264   -6.92e-08    2.53e-07
VOL_LAG50    -4.249e-08   1.62e-07     -0.263      0.793   -3.59e-07    2.74e-07
VOL_LAG51    -8.765e-09   1.48e-07     -0.059      0.953   -2.99e-07    2.81e-07
VOL_LAG52     9.849e-08    1.1e-07      0.892      0.372   -1.18e-07    3.15e-07
VOL_LAG53    -1.423e-07   2.13e-07     -0.667      0.505   -5.61e-07    2.76e-07
VOL_LAG54     8.023e-08   1.05e-07      0.764      0.445   -1.26e-07    2.86e-07
VOL_LAG55     6.025e-08   1.17e-07      0.517      0.605   -1.68e-07    2.89e-07
VOL_LAG56     6.382e-08   1.14e-07      0.558      0.577    -1.6e-07    2.88e-07
VOL_LAG57     8.698e-09   1.42e-07      0.061      0.951    -2.7e-07    2.87e-07
VOL_LAG58    -3.531e-08   1.64e-07     -0.216      0.829   -3.56e-07    2.85e-07
VOL_LAG59    -7.257e-08   1.75e-07     -0.415      0.678   -4.15e-07     2.7e-07
VOL_LAG6      1.002e-07   8.02e-08      1.250      0.211   -5.69e-08    2.57e-07
VOL_LAG60     1.381e-07   9.11e-08      1.515      0.130   -4.05e-08    3.17e-07
VOL_LAG7      9.063e-08    8.5e-08      1.066      0.286   -7.59e-08    2.57e-07
VOL_LAG8      7.026e-08   8.73e-08      0.805      0.421   -1.01e-07    2.41e-07
VOL_LAG9      1.217e-07    7.9e-08      1.542      0.123    -3.3e-08    2.77e-07
================================================================================