                 Generalized Linear Model Regression Results                  
==============================================================================
Dep. Variable:                      Y   No. Observations:                15508
Model:                            GLM   Df Residuals:                    15447
Model Family:                Binomial   Df Model:                           60
Link Function:                  Logit   Scale:                          1.0000
Method:                          IRLS   Log-Likelihood:                -3030.4
Date:                Sun, 17 Mar 2024   Deviance:                       6060.7
Time:                        19:23:28   Pearson chi2:                 1.44e+04
No. Iterations:                     6   Pseudo R-squ. (CS):            0.02634
Covariance Type:            nonrobust                                         
================================================================================
                   coef    std err          z      P>|z|      [0.025      0.975]
--------------------------------------------------------------------------------
Intercept       -3.2129      0.043    -74.763      0.000      -3.297      -3.129
RET_LAG1       -47.4677     30.763     -1.543      0.123    -107.761      12.826
RET_LAG10       22.6909     30.148      0.753      0.452     -36.397      81.779
RET_LAG11       21.3158     29.945      0.712      0.477     -37.376      80.007
RET_LAG12       -6.2830     30.825     -0.204      0.838     -66.699      54.133
RET_LAG13       30.6363     30.318      1.011      0.312     -28.785      90.058
RET_LAG14        2.4270     30.508      0.080      0.937     -57.368      62.222
RET_LAG15       20.2742     30.264      0.670      0.503     -39.042      79.590
RET_LAG16       42.6839     29.971      1.424      0.154     -16.059     101.427
RET_LAG17       -2.4268     30.125     -0.081      0.936     -61.471      56.617
RET_LAG18      -23.2544     30.648     -0.759      0.448     -83.323      36.814
RET_LAG19      -10.7695     30.325     -0.355      0.722     -70.206      48.667
RET_LAG2       -49.0892     30.051     -1.634      0.102    -107.989       9.810
RET_LAG20       -9.0483     29.966     -0.302      0.763     -67.780      49.683
RET_LAG21       -9.3482     30.781     -0.304      0.761     -69.677      50.981
RET_LAG22        2.4446     30.155      0.081      0.935     -56.657      61.547
RET_LAG23       95.4962     30.818      3.099      0.002      35.094     155.899
RET_LAG24        4.2254     30.645      0.138      0.890     -55.838      64.289
RET_LAG25       19.6218     31.790      0.617      0.537     -42.685      81.929
RET_LAG26      -26.4110     31.279     -0.844      0.398     -87.717      34.895
RET_LAG27       66.8524     31.365      2.131      0.033       5.378     128.327
RET_LAG28       14.5620     31.806      0.458      0.647     -47.777      76.901
RET_LAG29        3.4898     31.016      0.113      0.910     -57.300      64.280
RET_LAG3       -78.0749     29.947     -2.607      0.009    -136.769     -19.380
RET_LAG30       48.9165     31.348      1.560      0.119     -12.524     110.357
RET_LAG4        -1.9519     29.936     -0.065      0.948     -60.625      56.721
RET_LAG5         5.0843     29.924      0.170      0.865     -53.565      63.734
RET_LAG6       -31.7181     29.975     -1.058      0.290     -90.468      27.032
RET_LAG7       -28.8396     30.290     -0.952      0.341     -88.208      30.529
RET_LAG8        80.7547     29.968      2.695      0.007      22.019     139.491
RET_LAG9        -4.2338     30.795     -0.137      0.891     -64.591      56.123
SQ_RET_LAG1   1.732e+04   5538.522      3.127      0.002    6465.011    2.82e+04
SQ_RET_LAG10  6805.4233   3924.026      1.734      0.083    -885.526    1.45e+04
SQ_RET_LAG11  3931.7345   3609.901      1.089      0.276   -3143.542     1.1e+04
SQ_RET_LAG12  4113.0534   4073.594      1.010      0.313   -3871.045    1.21e+04
SQ_RET_LAG13  8714.5841   4208.949      2.070      0.038     465.196     1.7e+04
SQ_RET_LAG14  8641.8803   4047.767      2.135      0.033     708.402    1.66e+04
SQ_RET_LAG15  3161.5133   3710.881      0.852      0.394   -4111.680    1.04e+04
SQ_RET_LAG16  7251.5264   3743.726      1.937      0.053     -86.041    1.46e+04
SQ_RET_LAG17  6188.9013   3664.186      1.689      0.091    -992.770    1.34e+04
SQ_RET_LAG18  1.152e+04   4527.967      2.544      0.011    2643.752    2.04e+04
SQ_RET_LAG19  5313.7172   3721.261      1.428      0.153   -1979.821    1.26e+04
SQ_RET_LAG2   8965.3541   3793.512      2.363      0.018    1530.208    1.64e+04
SQ_RET_LAG20  6505.0076   3602.601      1.806      0.071    -555.961    1.36e+04
SQ_RET_LAG21  1.235e+04   4715.027      2.619      0.009    3106.686    2.16e+04
SQ_RET_LAG22  6357.3407   3531.908      1.800      0.072    -565.072    1.33e+04
SQ_RET_LAG23  9251.0980   4578.717      2.020      0.043     276.977    1.82e+04
SQ_RET_LAG24  3104.9733   3641.298      0.853      0.394   -4031.840    1.02e+04
SQ_RET_LAG25  1393.0629   3896.876      0.357      0.721   -6244.675    9030.800
SQ_RET_LAG26  1.225e+04   5042.900      2.430      0.015    2370.450    2.21e+04
SQ_RET_LAG27  4420.1388   3741.244      1.181      0.237   -2912.566    1.18e+04
SQ_RET_LAG28  1379.3786   4067.042      0.339      0.734   -6591.876    9350.634
SQ_RET_LAG29  4565.7603   3579.215      1.276      0.202   -2449.373    1.16e+04
SQ_RET_LAG3   1.119e+04   3775.326      2.965      0.003    3793.139    1.86e+04
SQ_RET_LAG30  5684.0046   3834.838      1.482      0.138   -1832.139    1.32e+04
SQ_RET_LAG4   1.448e+04   4471.443      3.239      0.001    5719.667    2.32e+04
SQ_RET_LAG5   7179.1660   3540.610      2.028      0.043     239.698    1.41e+04
SQ_RET_LAG6   1.233e+04   4254.108      2.899      0.004    3993.142    2.07e+04
SQ_RET_LAG7   2.035e+04   6180.593      3.292      0.001    8235.175    3.25e+04
SQ_RET_LAG8   9349.5098   4280.659      2.184      0.029     959.573    1.77e+04
SQ_RET_LAG9   1.529e+04   5791.681      2.640      0.008    3939.512    2.66e+04
================================================================================