                 Generalized Linear Model Regression Results                  
==============================================================================
Dep. Variable:                      Y   No. Observations:                15508
Model:                            GLM   Df Residuals:                    15447
Model Family:                Binomial   Df Model:                           60
Link Function:                  Logit   Scale:                          1.0000
Method:                          IRLS   Log-Likelihood:                -2986.8
Date:                Sun, 17 Mar 2024   Deviance:                       5973.6
Time:                        19:25:05   Pearson chi2:                 1.43e+04
No. Iterations:                     7   Pseudo R-squ. (CS):            0.03180
Covariance Type:            nonrobust                                         
================================================================================
                   coef    std err          z      P>|z|      [0.025      0.975]
--------------------------------------------------------------------------------
Intercept       -3.4617      0.054    -64.239      0.000      -3.567      -3.356
SQ_RET_LAG1   1.523e+04   5004.025      3.044      0.002    5426.991     2.5e+04
SQ_RET_LAG10  7044.7497   3688.783      1.910      0.056    -185.132    1.43e+04
SQ_RET_LAG11  3804.9178   3558.358      1.069      0.285   -3169.337    1.08e+04
SQ_RET_LAG12  4157.8570   3502.347      1.187      0.235   -2706.618     1.1e+04
SQ_RET_LAG13  8422.3012   3765.392      2.237      0.025    1042.269    1.58e+04
SQ_RET_LAG14  7967.5064   3708.827      2.148      0.032     698.339    1.52e+04
SQ_RET_LAG15  3035.1618   3845.934      0.789      0.430   -4502.731    1.06e+04
SQ_RET_LAG16  7394.3297   3547.033      2.085      0.037     442.272    1.43e+04
SQ_RET_LAG17  5662.4223   3531.531      1.603      0.109   -1259.252    1.26e+04
SQ_RET_LAG18  8943.8271   4039.508      2.214      0.027    1026.537    1.69e+04
SQ_RET_LAG19  3658.4895   3633.585      1.007      0.314   -3463.206    1.08e+04
SQ_RET_LAG2   7009.5058   3614.384      1.939      0.052     -74.557    1.41e+04
SQ_RET_LAG20  5250.7955   3502.224      1.499      0.134   -1613.436    1.21e+04
SQ_RET_LAG21  9849.1342   4044.897      2.435      0.015    1921.282    1.78e+04
SQ_RET_LAG22  4418.8608   3551.496      1.244      0.213   -2541.943    1.14e+04
SQ_RET_LAG23  8192.2299   3789.959      2.162      0.031     764.048    1.56e+04
SQ_RET_LAG24  2109.0400   3912.245      0.539      0.590   -5558.820    9776.900
SQ_RET_LAG25   733.3072   4250.119      0.173      0.863   -7596.773    9063.388
SQ_RET_LAG26  9514.7879   3912.906      2.432      0.015    1845.632    1.72e+04
SQ_RET_LAG27  6197.0751   3715.438      1.668      0.095   -1085.050    1.35e+04
SQ_RET_LAG28  2717.4009   4114.637      0.660      0.509   -5347.140    1.08e+04
SQ_RET_LAG29  3285.5867   3764.395      0.873      0.383   -4092.493    1.07e+04
SQ_RET_LAG3   8740.6395   4001.897      2.184      0.029     897.065    1.66e+04
SQ_RET_LAG30  6389.5749   3470.445      1.841      0.066    -412.372    1.32e+04
SQ_RET_LAG4   1.151e+04   4502.882      2.556      0.011    2682.185    2.03e+04
SQ_RET_LAG5   5179.7756   3496.810      1.481      0.139   -1673.845     1.2e+04
SQ_RET_LAG6   1.064e+04   4418.476      2.409      0.016    1981.964    1.93e+04
SQ_RET_LAG7    1.57e+04   5614.959      2.796      0.005    4695.800    2.67e+04
SQ_RET_LAG8   7815.8799   3980.438      1.964      0.050      14.366    1.56e+04
SQ_RET_LAG9   1.232e+04   5029.091      2.449      0.014    2458.732    2.22e+04
VOL_LAG1      4.162e-07   7.96e-08      5.226      0.000     2.6e-07    5.72e-07
VOL_LAG10      2.32e-07   9.91e-08      2.342      0.019    3.78e-08    4.26e-07
VOL_LAG11    -4.597e-08   1.66e-07     -0.277      0.782   -3.72e-07     2.8e-07
VOL_LAG12     1.108e-07   1.21e-07      0.913      0.361   -1.27e-07    3.49e-07
VOL_LAG13      1.72e-07   1.14e-07      1.504      0.133   -5.21e-08    3.96e-07
VOL_LAG14    -2.322e-08   1.67e-07     -0.139      0.889    -3.5e-07    3.03e-07
VOL_LAG15     8.011e-08   1.38e-07      0.582      0.560   -1.89e-07     3.5e-07
VOL_LAG16     1.667e-08   1.53e-07      0.109      0.913   -2.83e-07    3.16e-07
VOL_LAG17    -2.294e-08   1.73e-07     -0.133      0.894   -3.61e-07    3.15e-07
VOL_LAG18     -4.23e-08   1.78e-07     -0.238      0.812   -3.91e-07    3.06e-07
VOL_LAG19     7.851e-08   1.31e-07      0.598      0.550   -1.79e-07    3.36e-07
VOL_LAG2      1.805e-07   9.37e-08      1.926      0.054   -3.18e-09    3.64e-07
VOL_LAG20     3.281e-08   1.48e-07      0.222      0.825   -2.57e-07    3.23e-07
VOL_LAG21      3.65e-08   1.48e-07      0.246      0.806   -2.54e-07    3.27e-07
VOL_LAG22    -2.543e-08   1.68e-07     -0.152      0.879   -3.54e-07    3.03e-07
VOL_LAG23     7.171e-08   1.36e-07      0.527      0.598   -1.95e-07    3.38e-07
VOL_LAG24     1.114e-07   1.29e-07      0.862      0.389   -1.42e-07    3.65e-07
VOL_LAG25     9.564e-09   1.53e-07      0.062      0.950    -2.9e-07     3.1e-07
VOL_LAG26     1.757e-07   1.18e-07      1.494      0.135   -5.48e-08    4.06e-07
VOL_LAG27     4.305e-08    1.6e-07      0.270      0.787    -2.7e-07    3.56e-07
VOL_LAG28    -1.197e-07   2.12e-07     -0.564      0.573   -5.36e-07    2.96e-07
VOL_LAG29    -2.529e-08   1.81e-07     -0.140      0.889   -3.79e-07    3.29e-07
VOL_LAG3      1.044e-07   1.04e-07      1.008      0.313   -9.86e-08    3.07e-07
VOL_LAG30      1.64e-07    1.2e-07      1.362      0.173    -7.2e-08       4e-07
VOL_LAG4      2.294e-07   8.77e-08      2.615      0.009    5.74e-08    4.01e-07
VOL_LAG5      2.407e-07   8.89e-08      2.707      0.007    6.64e-08    4.15e-07
VOL_LAG6      1.516e-07   1.03e-07      1.476      0.140   -4.97e-08    3.53e-07
VOL_LAG7       1.73e-07   1.01e-07      1.710      0.087   -2.52e-08    3.71e-07
VOL_LAG8      1.121e-07   1.15e-07      0.978      0.328   -1.13e-07    3.37e-07
VOL_LAG9      1.504e-07   1.05e-07      1.425      0.154   -5.64e-08    3.57e-07
================================================================================