                 Generalized Linear Model Regression Results                  
==============================================================================
Dep. Variable:                      Y   No. Observations:                15172
Model:                            GLM   Df Residuals:                    14979
Model Family:                Binomial   Df Model:                          192
Link Function:                  Logit   Scale:                          1.0000
Method:                          IRLS   Log-Likelihood:                -3231.5
Date:                Sun, 24 Mar 2024   Deviance:                       6463.0
Time:                        21:00:19   Pearson chi2:                 1.44e+04
No. Iterations:                     8   Pseudo R-squ. (CS):            0.04881
Covariance Type:            nonrobust                                         
================================================================================
                   coef    std err          z      P>|z|      [0.025      0.975]
--------------------------------------------------------------------------------
Intercept       -3.3415      0.060    -55.357      0.000      -3.460      -3.223
RET_LAG1       106.4723     37.250      2.858      0.004      33.463     179.482
RET_LAG10       -4.6159     37.465     -0.123      0.902     -78.047      68.815
RET_LAG11       15.7573     38.196      0.413      0.680     -59.105      90.619
RET_LAG12      -14.0217     38.168     -0.367      0.713     -88.830      60.786
RET_LAG13        2.6364     38.866      0.068      0.946     -73.539      78.812
RET_LAG14       35.2887     37.698      0.936      0.349     -38.599     109.176
RET_LAG15      -39.3072     37.285     -1.054      0.292    -112.384      33.770
RET_LAG16      -36.5486     39.434     -0.927      0.354    -113.837      40.740
RET_LAG17      -22.9211     38.899     -0.589      0.556     -99.162      53.320
RET_LAG18       32.9145     38.478      0.855      0.392     -42.502     108.331
RET_LAG19       58.3142     38.237      1.525      0.127     -16.628     133.257
RET_LAG2       -82.3382     42.043     -1.958      0.050    -164.742       0.065
RET_LAG20      -41.9265     39.419     -1.064      0.288    -119.187      35.334
RET_LAG21       -1.4595     37.859     -0.039      0.969     -75.661      72.742
RET_LAG22      -12.9565     39.476     -0.328      0.743     -90.329      64.416
RET_LAG23       39.9861     38.625      1.035      0.301     -35.718     115.690
RET_LAG24       42.3301     39.990      1.059      0.290     -36.049     120.709
RET_LAG25       28.7319     38.355      0.749      0.454     -46.442     103.906
RET_LAG26       30.9021     37.539      0.823      0.410     -42.673     104.477
RET_LAG27      -16.5520     38.783     -0.427      0.670     -92.565      59.461
RET_LAG28       79.7086     39.198      2.034      0.042       2.883     156.535
RET_LAG29      -13.1848     38.749     -0.340      0.734     -89.132      62.763
RET_LAG3        57.0637     37.860      1.507      0.132     -17.141     131.268
RET_LAG30       23.1708     39.486      0.587      0.557     -54.221     100.563
RET_LAG31       34.4226     39.623      0.869      0.385     -43.237     112.082
RET_LAG32       12.4230     39.018      0.318      0.750     -64.051      88.897
RET_LAG33      -13.5513     39.803     -0.340      0.734     -91.563      64.460
RET_LAG34      -36.8892     42.017     -0.878      0.380    -119.241      45.462
RET_LAG35      -17.4419     42.699     -0.408      0.683    -101.131      66.247
RET_LAG36       12.0451     38.247      0.315      0.753     -62.917      87.008
RET_LAG37       -2.2606     42.178     -0.054      0.957     -84.928      80.407
RET_LAG38      100.6242     38.604      2.607      0.009      24.962     176.287
RET_LAG39      -35.5433     41.317     -0.860      0.390    -116.524      45.437
RET_LAG4        49.0171     37.751      1.298      0.194     -24.973     123.008
RET_LAG40       67.8080     39.942      1.698      0.090     -10.478     146.094
RET_LAG41      -27.4342     39.600     -0.693      0.488    -105.050      50.181
RET_LAG42       -7.4623     40.224     -0.186      0.853     -86.299      71.374
RET_LAG43       39.1028     39.784      0.983      0.326     -38.872     117.078
RET_LAG44      -26.7521     39.902     -0.670      0.503    -104.959      51.454
RET_LAG45       -7.4496     40.306     -0.185      0.853     -86.448      71.549
RET_LAG46       36.6570     41.378      0.886      0.376     -44.443     117.757
RET_LAG47        0.9082     39.233      0.023      0.982     -75.987      77.804
RET_LAG48       40.9313     40.506      1.010      0.312     -38.459     120.322
RET_LAG49       66.1031     39.598      1.669      0.095     -11.508     143.714
RET_LAG5        32.9991     39.341      0.839      0.402     -44.108     110.107
RET_LAG50       37.3801     43.118      0.867      0.386     -47.129     121.889
RET_LAG51       76.4047     41.046      1.861      0.063      -4.043     156.853
RET_LAG52       38.3027     43.936      0.872      0.383     -47.810     124.416
RET_LAG53       -1.9051     40.244     -0.047      0.962     -80.783      76.973
RET_LAG54       82.0185     41.512      1.976      0.048       0.657     163.380
RET_LAG55       -6.3915     40.826     -0.157      0.876     -86.408      73.625
RET_LAG56      -32.0601     41.425     -0.774      0.439    -113.253      49.132
RET_LAG57       61.9422     41.084      1.508      0.132     -18.581     142.465
RET_LAG58      -25.4563     40.121     -0.634      0.526    -104.092      53.180
RET_LAG59      -21.6896     40.506     -0.535      0.592    -101.080      57.701
RET_LAG6        43.2749     37.544      1.153      0.249     -30.309     116.859
RET_LAG60       16.1979     41.418      0.391      0.696     -64.979      97.375
RET_LAG61       14.6048     43.709      0.334      0.738     -71.064     100.273
RET_LAG62      -49.1191     40.970     -1.199      0.231    -129.419      31.181
RET_LAG63     -100.4030     42.284     -2.374      0.018    -183.279     -17.527
RET_LAG64      -40.9933     41.406     -0.990      0.322    -122.147      40.160
RET_LAG65       42.7976     43.106      0.993      0.321     -41.690     127.285
RET_LAG66       28.3205     41.695      0.679      0.497     -53.401     110.041
RET_LAG67       43.2720     41.774      1.036      0.300     -38.603     125.147
RET_LAG68      107.1212     45.894      2.334      0.020      17.170     197.072
RET_LAG69      -50.2189     45.928     -1.093      0.274    -140.235      39.798
RET_LAG7       -70.6808     38.753     -1.824      0.068    -146.636       5.274
RET_LAG70      -32.2006     43.813     -0.735      0.462    -118.073      53.671
RET_LAG71        5.2519     43.818      0.120      0.905     -80.630      91.134
RET_LAG72       35.7189     42.710      0.836      0.403     -47.991     119.429
RET_LAG73      -47.3794     43.126     -1.099      0.272    -131.906      37.147
RET_LAG74      -20.2181     42.432     -0.476      0.634    -103.384      62.947
RET_LAG75      -68.9200     47.529     -1.450      0.147    -162.075      24.235
RET_LAG76       12.4122     44.928      0.276      0.782     -75.646     100.470
RET_LAG77      -56.4076     45.774     -1.232      0.218    -146.124      33.308
RET_LAG78      -10.6848     43.568     -0.245      0.806     -96.076      74.707
RET_LAG79       -7.8348     42.965     -0.182      0.855     -92.045      76.375
RET_LAG8         1.6462     38.164      0.043      0.966     -73.154      76.447
RET_LAG80      -28.5585     43.741     -0.653      0.514    -114.290      57.173
RET_LAG81      -34.0321     45.004     -0.756      0.450    -122.238      54.174
RET_LAG82       46.6942     46.267      1.009      0.313     -43.987     137.376
RET_LAG83      -66.5727     44.674     -1.490      0.136    -154.132      20.987
RET_LAG84      -25.0675     44.027     -0.569      0.569    -111.359      61.224
RET_LAG85       19.8387     42.797      0.464      0.643     -64.042     103.719
RET_LAG86       12.4600     44.879      0.278      0.781     -75.501     100.421
RET_LAG87      -41.2364     43.585     -0.946      0.344    -126.662      44.189
RET_LAG88      -92.2834     46.709     -1.976      0.048    -183.831      -0.736
RET_LAG89       76.6255     44.759      1.712      0.087     -11.100     164.351
RET_LAG9        39.8646     38.230      1.043      0.297     -35.064     114.794
RET_LAG90       51.2074     44.778      1.144      0.253     -36.556     138.971
SQ_RET_LAG1   9.455e+04   1.24e+04      7.611      0.000    7.02e+04    1.19e+05
SQ_RET_LAG10  2.364e+04   1.01e+04      2.335      0.020    3798.864    4.35e+04
SQ_RET_LAG11  6062.6223   1.05e+04      0.576      0.565   -1.46e+04    2.67e+04
SQ_RET_LAG12  1.447e+04   1.03e+04      1.398      0.162   -5813.521    3.48e+04
SQ_RET_LAG13  1127.4240   1.05e+04      0.108      0.914   -1.94e+04    2.16e+04
SQ_RET_LAG14  1.587e+04   1.01e+04      1.567      0.117   -3979.083    3.57e+04
SQ_RET_LAG15  2.778e+04   9959.202      2.789      0.005    8258.794    4.73e+04
SQ_RET_LAG16 -6702.8311    1.1e+04     -0.609      0.542   -2.83e+04    1.49e+04
SQ_RET_LAG17  8992.5006   1.11e+04      0.810      0.418   -1.28e+04    3.08e+04
SQ_RET_LAG18  7425.9994   1.05e+04      0.708      0.479   -1.31e+04     2.8e+04
SQ_RET_LAG19  1.349e+04   1.05e+04      1.286      0.198   -7061.519     3.4e+04
SQ_RET_LAG2  -2.314e+04   1.32e+04     -1.747      0.081   -4.91e+04    2826.127
SQ_RET_LAG20  2222.9976   1.07e+04      0.208      0.835   -1.87e+04    2.31e+04
SQ_RET_LAG21  1.923e+04   1.03e+04      1.875      0.061    -868.345    3.93e+04
SQ_RET_LAG22  2657.2406    1.1e+04      0.241      0.809   -1.89e+04    2.42e+04
SQ_RET_LAG23  9484.9284   1.06e+04      0.898      0.369   -1.12e+04    3.02e+04
SQ_RET_LAG24   274.6935   1.16e+04      0.024      0.981   -2.25e+04    2.31e+04
SQ_RET_LAG25  1.264e+04   1.06e+04      1.193      0.233   -8124.118    3.34e+04
SQ_RET_LAG26  2.233e+04   1.02e+04      2.183      0.029    2280.268    4.24e+04
SQ_RET_LAG27   1.05e+04   1.05e+04      1.002      0.316      -1e+04     3.1e+04
SQ_RET_LAG28  6080.2868   1.09e+04      0.560      0.576   -1.52e+04    2.74e+04
SQ_RET_LAG29  1.496e+04   1.03e+04      1.454      0.146   -5204.233    3.51e+04
SQ_RET_LAG3   3.345e+04   1.09e+04      3.072      0.002    1.21e+04    5.48e+04
SQ_RET_LAG30   618.1779   1.06e+04      0.058      0.954   -2.02e+04    2.14e+04
SQ_RET_LAG31  6944.3314   1.06e+04      0.655      0.513   -1.38e+04    2.77e+04
SQ_RET_LAG32  9969.9355   1.04e+04      0.960      0.337   -1.04e+04    3.03e+04
SQ_RET_LAG33  7795.2546   1.13e+04      0.691      0.490   -1.43e+04    2.99e+04
SQ_RET_LAG34 -8117.3966   1.52e+04     -0.535      0.593   -3.79e+04    2.16e+04
SQ_RET_LAG35 -1.564e+04   1.28e+04     -1.218      0.223   -4.08e+04    9522.600
SQ_RET_LAG36  3.166e+04   1.05e+04      3.015      0.003    1.11e+04    5.22e+04
SQ_RET_LAG37 -2.544e+04   1.19e+04     -2.133      0.033   -4.88e+04   -2061.942
SQ_RET_LAG38  3.421e+04   1.06e+04      3.221      0.001    1.34e+04     5.5e+04
SQ_RET_LAG39 -1.234e+04   1.24e+04     -0.999      0.318   -3.66e+04    1.19e+04
SQ_RET_LAG4    1.81e+04   1.06e+04      1.711      0.087   -2628.428    3.88e+04
SQ_RET_LAG40  9149.7146   1.12e+04      0.813      0.416   -1.29e+04    3.12e+04
SQ_RET_LAG41  8277.2137   1.03e+04      0.801      0.423    -1.2e+04    2.85e+04
SQ_RET_LAG42  6627.3448   1.06e+04      0.624      0.532   -1.42e+04    2.74e+04
SQ_RET_LAG43  3695.5163   1.06e+04      0.350      0.726    -1.7e+04    2.44e+04
SQ_RET_LAG44  1.122e+04   1.05e+04      1.068      0.286   -9379.952    3.18e+04
SQ_RET_LAG45  5419.9073   1.09e+04      0.496      0.620    -1.6e+04    2.68e+04
SQ_RET_LAG46 -4110.7396   1.13e+04     -0.363      0.716   -2.63e+04    1.81e+04
SQ_RET_LAG47  2.325e+04   9917.257      2.345      0.019    3815.228    4.27e+04
SQ_RET_LAG48 -5625.9400   1.03e+04     -0.546      0.585   -2.58e+04    1.46e+04
SQ_RET_LAG49  2.586e+04   1.05e+04      2.453      0.014    5196.814    4.65e+04
SQ_RET_LAG5   6326.3159   1.06e+04      0.598      0.550   -1.44e+04    2.71e+04
SQ_RET_LAG50 -1.341e+04   1.31e+04     -1.026      0.305    -3.9e+04    1.22e+04
SQ_RET_LAG51  1.333e+04   1.24e+04      1.078      0.281   -1.09e+04    3.76e+04
SQ_RET_LAG52 -2.073e+04   1.71e+04     -1.215      0.225   -5.42e+04    1.27e+04
SQ_RET_LAG53  1.782e+04   1.07e+04      1.660      0.097   -3225.342    3.89e+04
SQ_RET_LAG54  -444.6405   1.15e+04     -0.039      0.969    -2.3e+04    2.21e+04
SQ_RET_LAG55  1.259e+04    1.1e+04      1.148      0.251   -8898.261    3.41e+04
SQ_RET_LAG56  3625.9077   1.07e+04      0.340      0.734   -1.73e+04    2.45e+04
SQ_RET_LAG57  2847.5024   1.06e+04      0.269      0.788   -1.79e+04    2.36e+04
SQ_RET_LAG58  1.859e+04   9968.910      1.865      0.062    -948.696    3.81e+04
SQ_RET_LAG59  1060.8186   1.01e+04      0.105      0.916   -1.87e+04    2.09e+04
SQ_RET_LAG6   1.232e+04   9863.143      1.249      0.212   -7008.469    3.17e+04
SQ_RET_LAG60  1.556e+04   1.11e+04      1.403      0.161   -6178.960    3.73e+04
SQ_RET_LAG61 -1.235e+04   1.42e+04     -0.871      0.384   -4.01e+04    1.54e+04
SQ_RET_LAG62  1.659e+04   1.09e+04      1.516      0.130   -4862.182     3.8e+04
SQ_RET_LAG63  -174.8463   1.07e+04     -0.016      0.987   -2.12e+04    2.09e+04
SQ_RET_LAG64  1.144e+04   1.03e+04      1.107      0.268   -8823.731    3.17e+04
SQ_RET_LAG65 -3744.7986   1.16e+04     -0.322      0.747   -2.65e+04     1.9e+04
SQ_RET_LAG66  9265.0104   1.05e+04      0.879      0.380   -1.14e+04    2.99e+04
SQ_RET_LAG67  1.173e+04   1.06e+04      1.110      0.267   -8981.375    3.24e+04
SQ_RET_LAG68 -1178.9268   1.33e+04     -0.089      0.929   -2.72e+04    2.48e+04
SQ_RET_LAG69 -1.099e+04   1.64e+04     -0.670      0.503   -4.31e+04    2.11e+04
SQ_RET_LAG7   1.468e+04   1.06e+04      1.380      0.168   -6171.756    3.55e+04
SQ_RET_LAG70 -1218.9536   1.23e+04     -0.099      0.921   -2.53e+04    2.28e+04
SQ_RET_LAG71  5120.9136   1.11e+04      0.463      0.644   -1.66e+04    2.68e+04
SQ_RET_LAG72  1.237e+04   1.07e+04      1.161      0.246   -8513.506    3.33e+04
SQ_RET_LAG73  3355.5533   1.08e+04      0.310      0.757   -1.79e+04    2.46e+04
SQ_RET_LAG74  2.108e+04   1.15e+04      1.839      0.066   -1383.216    4.35e+04
SQ_RET_LAG75 -2.022e+04   1.68e+04     -1.200      0.230   -5.32e+04    1.28e+04
SQ_RET_LAG76  3516.5834   1.48e+04      0.238      0.812   -2.54e+04    3.24e+04
SQ_RET_LAG77 -8837.4114   1.33e+04     -0.665      0.506   -3.49e+04    1.72e+04
SQ_RET_LAG78  1.107e+04   1.08e+04      1.026      0.305   -1.01e+04    3.22e+04
SQ_RET_LAG79  8698.3133   1.04e+04      0.840      0.401   -1.16e+04     2.9e+04
SQ_RET_LAG8   1.074e+04   1.03e+04      1.044      0.296   -9415.858    3.09e+04
SQ_RET_LAG80  6194.2624   1.12e+04      0.552      0.581   -1.58e+04    2.82e+04
SQ_RET_LAG81 -4608.7190   1.28e+04     -0.360      0.719   -2.97e+04    2.05e+04
SQ_RET_LAG82 -2380.0910   1.44e+04     -0.166      0.868   -3.05e+04    2.58e+04
SQ_RET_LAG83  7747.0987   1.13e+04      0.687      0.492   -1.44e+04    2.99e+04
SQ_RET_LAG84  2570.1123   1.05e+04      0.245      0.807    -1.8e+04    2.32e+04
SQ_RET_LAG85  1.528e+04   9917.498      1.540      0.123   -4162.327    3.47e+04
SQ_RET_LAG86  -188.5770   1.05e+04     -0.018      0.986   -2.08e+04    2.04e+04
SQ_RET_LAG87  2.177e+04   1.08e+04      2.014      0.044     584.954     4.3e+04
SQ_RET_LAG88 -1.181e+04   1.24e+04     -0.953      0.341   -3.61e+04    1.25e+04
SQ_RET_LAG89  3047.2398   1.16e+04      0.262      0.793   -1.98e+04    2.58e+04
SQ_RET_LAG9   7808.3809   1.03e+04      0.755      0.450   -1.25e+04    2.81e+04
SQ_RET_LAG90  7763.2880   1.15e+04      0.673      0.501   -1.49e+04    3.04e+04
VOL_LAG1      1.291e-07   7.44e-08      1.734      0.083   -1.68e-08    2.75e-07
VOL_LAG10     1.484e-08   1.08e-07      0.138      0.890   -1.96e-07    2.26e-07
VOL_LAG11      1.48e-07   8.09e-08      1.828      0.068   -1.07e-08    3.07e-07
VOL_LAG12     9.699e-08   9.18e-08      1.056      0.291    -8.3e-08    2.77e-07
VOL_LAG13     1.255e-07   8.18e-08      1.535      0.125   -3.48e-08    2.86e-07
VOL_LAG14      9.25e-08   9.46e-08      0.978      0.328    -9.3e-08    2.78e-07
VOL_LAG15     6.137e-08   9.92e-08      0.619      0.536   -1.33e-07    2.56e-07
VOL_LAG16     1.285e-07   8.92e-08      1.440      0.150   -4.64e-08    3.03e-07
VOL_LAG17    -5.067e-09   1.42e-07     -0.036      0.972   -2.83e-07    2.73e-07
VOL_LAG18     1.955e-08   1.19e-07      0.164      0.870   -2.14e-07    2.53e-07
VOL_LAG19     8.596e-08      1e-07      0.859      0.391    -1.1e-07    2.82e-07
VOL_LAG2      2.389e-07   6.62e-08      3.611      0.000    1.09e-07    3.69e-07
VOL_LAG20     4.788e-08   1.12e-07      0.429      0.668   -1.71e-07    2.67e-07
VOL_LAG21    -3.727e-09   1.36e-07     -0.027      0.978   -2.69e-07    2.62e-07
VOL_LAG22    -1.676e-08    1.4e-07     -0.120      0.905   -2.91e-07    2.58e-07
VOL_LAG23     1.114e-07   9.34e-08      1.193      0.233   -7.17e-08    2.94e-07
VOL_LAG24     4.944e-08   1.15e-07      0.429      0.668   -1.77e-07    2.75e-07
VOL_LAG25     7.891e-08   1.07e-07      0.735      0.463   -1.32e-07    2.89e-07
VOL_LAG26     4.366e-08   1.21e-07      0.360      0.719   -1.94e-07    2.81e-07
VOL_LAG27     1.328e-08   1.37e-07      0.097      0.923   -2.55e-07    2.81e-07
VOL_LAG28      1.22e-08   1.43e-07      0.085      0.932   -2.69e-07    2.93e-07
VOL_LAG29    -6.639e-09    1.4e-07     -0.047      0.962   -2.82e-07    2.68e-07
VOL_LAG3      1.237e-07   7.63e-08      1.620      0.105   -2.59e-08    2.73e-07
VOL_LAG30     1.478e-07   9.27e-08      1.595      0.111   -3.38e-08    3.29e-07
VOL_LAG31     3.331e-08   1.35e-07      0.247      0.805   -2.31e-07    2.98e-07
VOL_LAG32      1.29e-08   1.39e-07      0.093      0.926   -2.59e-07    2.85e-07
VOL_LAG33    -3.168e-08   1.59e-07     -0.199      0.842   -3.44e-07     2.8e-07
VOL_LAG34      8.89e-09   1.47e-07      0.060      0.952    -2.8e-07    2.97e-07
VOL_LAG35    -5.152e-09   1.54e-07     -0.034      0.973   -3.06e-07    2.96e-07
VOL_LAG36     1.086e-07   1.06e-07      1.020      0.308      -1e-07    3.17e-07
VOL_LAG37      2.67e-08   1.25e-07      0.214      0.830   -2.17e-07    2.71e-07
VOL_LAG38     1.032e-07   1.04e-07      0.989      0.323   -1.01e-07    3.08e-07
VOL_LAG39    -6.029e-08   1.85e-07     -0.326      0.744   -4.22e-07    3.02e-07
VOL_LAG4      8.347e-08   8.45e-08      0.988      0.323   -8.21e-08    2.49e-07
VOL_LAG40    -1.901e-08    1.5e-07     -0.126      0.899   -3.14e-07    2.76e-07
VOL_LAG41     1.177e-07    1.1e-07      1.065      0.287   -9.88e-08    3.34e-07
VOL_LAG42    -7.713e-08   1.85e-07     -0.418      0.676   -4.39e-07    2.85e-07
VOL_LAG43     1.578e-07   9.04e-08      1.745      0.081   -1.95e-08    3.35e-07
VOL_LAG44    -4.301e-08   1.77e-07     -0.242      0.809   -3.91e-07    3.05e-07
VOL_LAG45    -1.743e-07   2.44e-07     -0.714      0.475   -6.52e-07    3.04e-07
VOL_LAG46    -6.801e-09   1.47e-07     -0.046      0.963   -2.95e-07    2.81e-07
VOL_LAG47     1.225e-07   1.03e-07      1.195      0.232   -7.84e-08    3.23e-07
VOL_LAG48     1.171e-07   1.03e-07      1.137      0.255   -8.47e-08    3.19e-07
VOL_LAG49    -5.889e-08   1.74e-07     -0.338      0.735      -4e-07    2.82e-07
VOL_LAG5      8.422e-08   8.62e-08      0.977      0.329   -8.48e-08    2.53e-07
VOL_LAG50     9.261e-10   1.47e-07      0.006      0.995   -2.86e-07    2.88e-07
VOL_LAG51     2.228e-08    1.4e-07      0.159      0.874   -2.52e-07    2.97e-07
VOL_LAG52     1.358e-07   1.04e-07      1.303      0.193   -6.84e-08     3.4e-07
VOL_LAG53    -9.128e-08   1.98e-07     -0.460      0.646    -4.8e-07    2.98e-07
VOL_LAG54      1.13e-07   9.97e-08      1.132      0.257   -8.25e-08    3.08e-07
VOL_LAG55     7.973e-08   1.13e-07      0.703      0.482   -1.42e-07    3.02e-07
VOL_LAG56       8.9e-08    1.1e-07      0.809      0.419   -1.27e-07    3.05e-07
VOL_LAG57     5.071e-08   1.28e-07      0.397      0.691      -2e-07    3.01e-07
VOL_LAG58     1.813e-09   1.59e-07      0.011      0.991    -3.1e-07    3.13e-07
VOL_LAG59      8.96e-09   1.51e-07      0.059      0.953   -2.87e-07    3.04e-07
VOL_LAG6      1.013e-07   8.32e-08      1.218      0.223   -6.18e-08    2.64e-07
VOL_LAG60      1.84e-07   8.96e-08      2.054      0.040    8.39e-09     3.6e-07
VOL_LAG61      8.07e-08    1.4e-07      0.576      0.564   -1.94e-07    3.55e-07
VOL_LAG62    -1.203e-07   2.24e-07     -0.537      0.591   -5.59e-07    3.19e-07
VOL_LAG63    -3.108e-08   1.84e-07     -0.169      0.866   -3.91e-07    3.29e-07
VOL_LAG64    -1.283e-07   2.35e-07     -0.547      0.584   -5.88e-07    3.32e-07
VOL_LAG65    -2.814e-08    1.8e-07     -0.157      0.876    -3.8e-07    3.24e-07
VOL_LAG66     9.513e-08   1.24e-07      0.765      0.444   -1.49e-07    3.39e-07
VOL_LAG67     1.591e-07   1.15e-07      1.380      0.168   -6.69e-08    3.85e-07
VOL_LAG68    -3.156e-07   2.87e-07     -1.101      0.271   -8.77e-07    2.46e-07
VOL_LAG69    -5.029e-08   1.96e-07     -0.257      0.797   -4.34e-07    3.33e-07
VOL_LAG7      8.727e-08   8.82e-08      0.989      0.323   -8.57e-08     2.6e-07
VOL_LAG70    -8.269e-08   2.21e-07     -0.373      0.709   -5.17e-07    3.51e-07
VOL_LAG71    -3.473e-07   2.86e-07     -1.216      0.224   -9.07e-07    2.13e-07
VOL_LAG72    -4.894e-10   1.69e-07     -0.003      0.998   -3.31e-07     3.3e-07
VOL_LAG73     1.057e-07   1.26e-07      0.839      0.402   -1.41e-07    3.53e-07
VOL_LAG74     -3.04e-09   1.91e-07     -0.016      0.987   -3.78e-07    3.71e-07
VOL_LAG75    -4.899e-07   3.08e-07     -1.592      0.111   -1.09e-06    1.13e-07
VOL_LAG76     -6.09e-08   1.95e-07     -0.313      0.754   -4.42e-07     3.2e-07
VOL_LAG77      1.11e-07    1.4e-07      0.792      0.428   -1.64e-07    3.86e-07
VOL_LAG78    -9.888e-08   2.18e-07     -0.453      0.650   -5.27e-07    3.29e-07
VOL_LAG79    -2.195e-07   2.57e-07     -0.853      0.394   -7.24e-07    2.85e-07
VOL_LAG8      7.642e-08   9.06e-08      0.843      0.399   -1.01e-07    2.54e-07
VOL_LAG80     1.325e-07   1.15e-07      1.156      0.248   -9.22e-08    3.57e-07
VOL_LAG81    -3.945e-08   1.97e-07     -0.200      0.841   -4.25e-07    3.47e-07
VOL_LAG82    -1.812e-07   2.55e-07     -0.710      0.478   -6.82e-07    3.19e-07
VOL_LAG83     -1.31e-09   1.66e-07     -0.008      0.994   -3.26e-07    3.24e-07
VOL_LAG84     6.611e-08    1.4e-07      0.473      0.636   -2.08e-07     3.4e-07
VOL_LAG85     1.253e-08   1.89e-07      0.066      0.947   -3.58e-07    3.83e-07
VOL_LAG86      -4.7e-07   3.51e-07     -1.339      0.181   -1.16e-06    2.18e-07
VOL_LAG87    -2.832e-07   2.84e-07     -0.997      0.319    -8.4e-07    2.74e-07
VOL_LAG88    -2.464e-07    2.7e-07     -0.911      0.362   -7.76e-07    2.84e-07
VOL_LAG89     2.337e-08   1.52e-07      0.154      0.878   -2.75e-07    3.22e-07
VOL_LAG9      1.172e-07   8.12e-08      1.442      0.149   -4.21e-08    2.76e-07
VOL_LAG90    -1.052e-07   2.02e-07     -0.521      0.603   -5.01e-07    2.91e-07
================================================================================