                 Generalized Linear Model Regression Results                  
==============================================================================
Dep. Variable:                      Y   No. Observations:                15508
Model:                            GLM   Df Residuals:                    15327
Model Family:                Binomial   Df Model:                          180
Link Function:                  Logit   Scale:                          1.0000
Method:                          IRLS   Log-Likelihood:                -2812.6
Date:                Sun, 24 Mar 2024   Deviance:                       5625.3
Time:                        21:03:10   Pearson chi2:                 1.47e+04
No. Iterations:                     7   Pseudo R-squ. (CS):            0.05330
Covariance Type:            nonrobust                                         
==============================================================================
                 coef    std err          z      P>|z|      [0.025      0.975]
------------------------------------------------------------------------------
Intercept     -3.8026      0.063    -60.438      0.000      -3.926      -3.679
RET_LAG1     115.1410     36.218      3.179      0.001      44.156     186.126
RET_LAG10     39.5910     35.375      1.119      0.263     -29.743     108.925
RET_LAG11     -6.6900     36.402     -0.184      0.854     -78.037      64.657
RET_LAG12     14.7794     37.017      0.399      0.690     -57.773      87.332
RET_LAG13     59.5375     35.781      1.664      0.096     -10.591     129.666
RET_LAG14     32.8365     36.349      0.903      0.366     -38.407     104.080
RET_LAG15     33.7262     36.808      0.916      0.360     -38.416     105.868
RET_LAG16     69.3319     35.745      1.940      0.052      -0.726     139.390
RET_LAG17     50.6327     35.817      1.414      0.157     -19.567     120.832
RET_LAG18     37.6896     35.286      1.068      0.285     -31.470     106.849
RET_LAG19      9.9276     36.022      0.276      0.783     -60.675      80.530
RET_LAG2      41.8543     37.964      1.102      0.270     -32.554     116.263
RET_LAG20     60.1665     35.126      1.713      0.087      -8.678     129.011
RET_LAG21     -8.3151     36.806     -0.226      0.821     -80.453      63.823
RET_LAG22     -9.5154     36.267     -0.262      0.793     -80.598      61.568
RET_LAG23     91.4457     34.867      2.623      0.009      23.108     159.783
RET_LAG24     -1.3961     36.082     -0.039      0.969     -72.116      69.324
RET_LAG25      9.0501     35.850      0.252      0.801     -61.215      79.316
RET_LAG26    -27.3851     36.807     -0.744      0.457     -99.526      44.756
RET_LAG27     60.0979     34.996      1.717      0.086      -8.493     128.689
RET_LAG28      1.7320     36.529      0.047      0.962     -69.864      73.328
RET_LAG29     36.1016     36.884      0.979      0.328     -36.190     108.393
RET_LAG3      60.1218     37.613      1.598      0.110     -13.597     133.841
RET_LAG30     44.8394     35.691      1.256      0.209     -25.114     114.793
RET_LAG31     64.3701     36.283      1.774      0.076      -6.742     135.483
RET_LAG32      6.7025     36.969      0.181      0.856     -65.756      79.161
RET_LAG33     57.3171     35.758      1.603      0.109     -12.766     127.401
RET_LAG34   -102.5263     39.387     -2.603      0.009    -179.724     -25.329
RET_LAG35     -8.5971     37.844     -0.227      0.820     -82.770      65.576
RET_LAG36     57.1517     36.331      1.573      0.116     -14.056     128.359
RET_LAG37    -13.6470     37.708     -0.362      0.717     -87.553      60.259
RET_LAG38    101.7033     35.188      2.890      0.004      32.735     170.671
RET_LAG39     36.5716     35.824      1.021      0.307     -33.642     106.785
RET_LAG4      95.7399     36.529      2.621      0.009      24.144     167.336
RET_LAG40    -27.6891     37.420     -0.740      0.459    -101.030      45.652
RET_LAG41     16.6995     37.177      0.449      0.653     -56.166      89.564
RET_LAG42    -19.7208     37.856     -0.521      0.602     -93.917      54.475
RET_LAG43     26.6390     37.009      0.720      0.472     -45.898      99.176
RET_LAG44    -33.4712     39.061     -0.857      0.391    -110.029      43.086
RET_LAG45    -29.5617     38.274     -0.772      0.440    -104.578      45.455
RET_LAG46    -11.1694     38.488     -0.290      0.772     -86.605      64.266
RET_LAG47    -35.6812     39.330     -0.907      0.364    -112.767      41.405
RET_LAG48    -16.3566     38.513     -0.425      0.671     -91.841      59.128
RET_LAG49     56.5479     37.997      1.488      0.137     -17.925     131.021
RET_LAG5      92.6094     36.007      2.572      0.010      22.036     163.182
RET_LAG50    -68.2973     40.332     -1.693      0.090    -147.347      10.753
RET_LAG51     34.3489     38.218      0.899      0.369     -40.558     109.256
RET_LAG52      9.1379     38.440      0.238      0.812     -66.203      84.479
RET_LAG53    -42.4052     39.510     -1.073      0.283    -119.843      35.032
RET_LAG54     47.4672     37.620      1.262      0.207     -26.266     121.200
RET_LAG55     26.1701     37.296      0.702      0.483     -46.928      99.268
RET_LAG56    -26.0285     39.950     -0.652      0.515    -104.328      52.271
RET_LAG57     30.4887     38.342      0.795      0.427     -44.661     105.638
RET_LAG58     33.1039     38.350      0.863      0.388     -42.060     108.268
RET_LAG59     -5.5978     39.003     -0.144      0.886     -82.042      70.846
RET_LAG6      30.4699     36.801      0.828      0.408     -41.659     102.599
RET_LAG60    131.6136     36.426      3.613      0.000      60.220     203.007
RET_LAG61    -64.7950     39.441     -1.643      0.100    -142.098      12.508
RET_LAG62     -1.6349     39.044     -0.042      0.967     -78.160      74.891
RET_LAG63      3.4302     38.943      0.088      0.930     -72.897      79.758
RET_LAG64     34.7884     38.044      0.914      0.360     -39.777     109.354
RET_LAG65      4.2971     38.990      0.110      0.912     -72.121      80.715
RET_LAG66     -5.2461     39.410     -0.133      0.894     -82.489      71.996
RET_LAG67     -3.2154     39.229     -0.082      0.935     -80.104      73.673
RET_LAG68     88.6736     36.431      2.434      0.015      17.270     160.077
RET_LAG69    -20.6702     38.946     -0.531      0.596     -97.002      55.662
RET_LAG7      30.6080     36.678      0.835      0.404     -41.280     102.496
RET_LAG70    -21.6118     39.781     -0.543      0.587     -99.582      56.358
RET_LAG71     35.4246     38.452      0.921      0.357     -39.939     110.788
RET_LAG72     19.7919     38.799      0.510      0.610     -56.252      95.836
RET_LAG73    -39.5153     40.102     -0.985      0.324    -118.114      39.084
RET_LAG74      5.0788     39.025      0.130      0.896     -71.410      81.567
RET_LAG75      1.5462     39.615      0.039      0.969     -76.097      79.189
RET_LAG76     24.7688     39.490      0.627      0.531     -52.631     102.168
RET_LAG77    -27.0324     39.626     -0.682      0.495    -104.698      50.634
RET_LAG78    -41.1142     41.246     -0.997      0.319    -121.956      39.727
RET_LAG79    -20.2404     40.785     -0.496      0.620    -100.177      59.696
RET_LAG8     129.8326     34.358      3.779      0.000      62.492     197.173
RET_LAG80    -24.3541     41.682     -0.584      0.559    -106.049      57.341
RET_LAG81      3.1954     41.021      0.078      0.938     -77.204      83.595
RET_LAG82    -28.6953     41.696     -0.688      0.491    -110.418      53.027
RET_LAG83    -29.6773     42.223     -0.703      0.482    -112.432      53.077
RET_LAG84     46.0776     41.800      1.102      0.270     -35.850     128.005
RET_LAG85     21.3283     40.636      0.525      0.600     -58.317     100.974
RET_LAG86     36.4221     40.174      0.907      0.365     -42.318     115.162
RET_LAG87     -3.8031     42.320     -0.090      0.928     -86.749      79.142
RET_LAG88     22.2400     41.453      0.537      0.592     -59.007     103.487
RET_LAG89     16.0498     40.486      0.396      0.692     -63.301      95.400
RET_LAG9      47.8407     35.128      1.362      0.173     -21.009     116.691
RET_LAG90     19.2752     40.584      0.475      0.635     -60.268      98.819
VIOL_LAG1      0.9906      0.148      6.693      0.000       0.701       1.281
VIOL_LAG10     0.3068      0.161      1.907      0.056      -0.008       0.622
VIOL_LAG11    -0.0964      0.170     -0.566      0.571      -0.430       0.237
VIOL_LAG12     0.1814      0.166      1.094      0.274      -0.144       0.506
VIOL_LAG13     0.2551      0.164      1.551      0.121      -0.067       0.577
VIOL_LAG14     0.2549      0.164      1.555      0.120      -0.066       0.576
VIOL_LAG15     0.2143      0.166      1.294      0.196      -0.110       0.539
VIOL_LAG16     0.2519      0.165      1.522      0.128      -0.072       0.576
VIOL_LAG17     0.4551      0.160      2.836      0.005       0.141       0.770
VIOL_LAG18     0.4410      0.159      2.767      0.006       0.129       0.753
VIOL_LAG19     0.1456      0.165      0.882      0.378      -0.178       0.469
VIOL_LAG2      0.5454      0.157      3.479      0.001       0.238       0.853
VIOL_LAG20     0.4919      0.159      3.085      0.002       0.179       0.804
VIOL_LAG21     0.0048      0.169      0.028      0.977      -0.327       0.337
VIOL_LAG22    -0.1324      0.172     -0.771      0.440      -0.469       0.204
VIOL_LAG23     0.1702      0.170      1.004      0.315      -0.162       0.502
VIOL_LAG24    -0.0878      0.173     -0.508      0.611      -0.426       0.251
VIOL_LAG25    -0.0926      0.175     -0.530      0.596      -0.435       0.250
VIOL_LAG26    -0.0690      0.175     -0.396      0.692      -0.411       0.273
VIOL_LAG27     0.0542      0.172      0.314      0.753      -0.284       0.392
VIOL_LAG28     0.0490      0.174      0.282      0.778      -0.291       0.389
VIOL_LAG29     0.3495      0.167      2.088      0.037       0.021       0.678
VIOL_LAG3      0.7510      0.153      4.923      0.000       0.452       1.050
VIOL_LAG30     0.0704      0.174      0.405      0.686      -0.270       0.411
VIOL_LAG31     0.3940      0.166      2.367      0.018       0.068       0.720
VIOL_LAG32     0.2017      0.168      1.202      0.229      -0.127       0.531
VIOL_LAG33     0.1736      0.171      1.014      0.311      -0.162       0.509
VIOL_LAG34    -0.3926      0.182     -2.153      0.031      -0.750      -0.035
VIOL_LAG35    -0.1189      0.177     -0.670      0.503      -0.467       0.229
VIOL_LAG36     0.3282      0.169      1.940      0.052      -0.003       0.660
VIOL_LAG37     0.0855      0.172      0.496      0.620      -0.252       0.423
VIOL_LAG38     0.5162      0.164      3.141      0.002       0.194       0.838
VIOL_LAG39     0.1025      0.172      0.596      0.551      -0.234       0.439
VIOL_LAG4      0.6064      0.156      3.892      0.000       0.301       0.912
VIOL_LAG40    -0.4931      0.191     -2.582      0.010      -0.867      -0.119
VIOL_LAG41     0.4816      0.164      2.939      0.003       0.160       0.803
VIOL_LAG42     0.0475      0.176      0.269      0.788      -0.298       0.393
VIOL_LAG43    -0.2326      0.189     -1.231      0.218      -0.603       0.138
VIOL_LAG44     0.0857      0.174      0.491      0.623      -0.256       0.428
VIOL_LAG45    -0.0642      0.179     -0.359      0.720      -0.415       0.287
VIOL_LAG46     0.0038      0.179      0.021      0.983      -0.347       0.355
VIOL_LAG47    -0.2134      0.185     -1.153      0.249      -0.576       0.149
VIOL_LAG48    -0.0953      0.182     -0.524      0.600      -0.451       0.261
VIOL_LAG49     0.0561      0.182      0.309      0.758      -0.300       0.412
VIOL_LAG5      0.6103      0.155      3.934      0.000       0.306       0.914
VIOL_LAG50     0.0605      0.177      0.342      0.732      -0.286       0.407
VIOL_LAG51     0.2029      0.176      1.155      0.248      -0.141       0.547
VIOL_LAG52     0.1321      0.177      0.745      0.457      -0.216       0.480
VIOL_LAG53    -0.0864      0.181     -0.477      0.633      -0.441       0.268
VIOL_LAG54     0.0872      0.180      0.484      0.628      -0.266       0.440
VIOL_LAG55     0.0479      0.180      0.266      0.790      -0.305       0.401
VIOL_LAG56    -0.0618      0.183     -0.338      0.735      -0.420       0.297
VIOL_LAG57     0.1108      0.180      0.615      0.539      -0.242       0.464
VIOL_LAG58     0.0370      0.184      0.201      0.841      -0.324       0.398
VIOL_LAG59     0.2020      0.175      1.152      0.249      -0.142       0.546
VIOL_LAG6      0.4043      0.158      2.562      0.010       0.095       0.714
VIOL_LAG60     0.2544      0.181      1.405      0.160      -0.100       0.609
VIOL_LAG61    -0.2214      0.187     -1.184      0.236      -0.588       0.145
VIOL_LAG62    -0.0857      0.186     -0.460      0.646      -0.451       0.280
VIOL_LAG63     0.2111      0.179      1.177      0.239      -0.140       0.563
VIOL_LAG64     0.1104      0.182      0.607      0.544      -0.246       0.467
VIOL_LAG65     0.0440      0.185      0.238      0.812      -0.319       0.407
VIOL_LAG66     0.0272      0.183      0.149      0.882      -0.332       0.386
VIOL_LAG67     0.1561      0.179      0.871      0.384      -0.195       0.507
VIOL_LAG68     0.3954      0.174      2.270      0.023       0.054       0.737
VIOL_LAG69     0.0124      0.183      0.068      0.946      -0.346       0.370
VIOL_LAG7      0.4396      0.158      2.783      0.005       0.130       0.749
VIOL_LAG70    -0.2714      0.191     -1.420      0.156      -0.646       0.103
VIOL_LAG71     0.1591      0.182      0.874      0.382      -0.198       0.516
VIOL_LAG72     0.0825      0.183      0.450      0.653      -0.277       0.442
VIOL_LAG73    -0.1260      0.188     -0.669      0.504      -0.495       0.243
VIOL_LAG74     0.0066      0.186      0.035      0.972      -0.359       0.372
VIOL_LAG75    -0.0212      0.189     -0.112      0.910      -0.391       0.349
VIOL_LAG76     0.2045      0.183      1.117      0.264      -0.154       0.563
VIOL_LAG77    -0.0326      0.187     -0.175      0.861      -0.399       0.333
VIOL_LAG78    -0.2372      0.197     -1.204      0.229      -0.623       0.149
VIOL_LAG79    -0.2047      0.196     -1.043      0.297      -0.589       0.180
VIOL_LAG8      0.3559      0.162      2.194      0.028       0.038       0.674
VIOL_LAG80    -0.1467      0.196     -0.748      0.455      -0.531       0.238
VIOL_LAG81     0.0882      0.189      0.466      0.641      -0.283       0.459
VIOL_LAG82    -0.1746      0.196     -0.892      0.372      -0.558       0.209
VIOL_LAG83    -0.0275      0.191     -0.144      0.885      -0.401       0.346
VIOL_LAG84     0.3209      0.186      1.723      0.085      -0.044       0.686
VIOL_LAG85     0.1347      0.188      0.717      0.473      -0.234       0.503
VIOL_LAG86    -0.2387      0.203     -1.173      0.241      -0.637       0.160
VIOL_LAG87    -0.3764      0.208     -1.811      0.070      -0.784       0.031
VIOL_LAG88    -0.0344      0.194     -0.177      0.859      -0.415       0.346
VIOL_LAG89    -0.0511      0.195     -0.262      0.794      -0.434       0.332
VIOL_LAG9      0.3957      0.158      2.512      0.012       0.087       0.704
VIOL_LAG90     0.3727      0.179      2.085      0.037       0.022       0.723
==============================================================================