                 Generalized Linear Model Regression Results                  
==============================================================================
Dep. Variable:                      Y   No. Observations:                15172
Model:                            GLM   Df Residuals:                    15051
Model Family:                Binomial   Df Model:                          120
Link Function:                  Logit   Scale:                          1.0000
Method:                          IRLS   Log-Likelihood:                -3472.9
Date:                Sun, 17 Mar 2024   Deviance:                       6945.8
Time:                        19:16:54   Pearson chi2:                 1.50e+04
No. Iterations:                     6   Pseudo R-squ. (CS):            0.01805
Covariance Type:            nonrobust                                         
==============================================================================
                 coef    std err          z      P>|z|      [0.025      0.975]
------------------------------------------------------------------------------
Intercept     -3.0517      0.050    -60.754      0.000      -3.150      -2.953
RET_LAG1     117.2234     42.912      2.732      0.006      33.117     201.329
RET_LAG10    -16.0541     42.944     -0.374      0.709    -100.222      68.114
RET_LAG11    -20.4494     42.819     -0.478      0.633    -104.374      63.475
RET_LAG12    -51.2238     42.601     -1.202      0.229    -134.720      32.272
RET_LAG13    -38.0669     42.194     -0.902      0.367    -120.765      44.632
RET_LAG14     10.6636     42.491      0.251      0.802     -72.617      93.945
RET_LAG15   -103.9999     42.512     -2.446      0.014    -187.321     -20.678
RET_LAG16    -30.3507     42.311     -0.717      0.473    -113.278      52.577
RET_LAG17    -72.1421     41.908     -1.721      0.085    -154.281       9.997
RET_LAG18      8.6766     41.947      0.207      0.836     -73.539      90.892
RET_LAG19     41.5659     42.521      0.978      0.328     -41.775     124.907
RET_LAG2     -82.9355     43.055     -1.926      0.054    -167.321       1.450
RET_LAG20    -82.2322     42.836     -1.920      0.055    -166.189       1.724
RET_LAG21    -13.8734     42.356     -0.328      0.743     -96.890      69.144
RET_LAG22    -57.0890     42.268     -1.351      0.177    -139.933      25.755
RET_LAG23     37.3482     42.085      0.887      0.375     -45.138     119.834
RET_LAG24     32.7024     43.158      0.758      0.449     -51.886     117.291
RET_LAG25      5.7240     42.685      0.134      0.893     -77.937      89.385
RET_LAG26     -6.8860     43.105     -0.160      0.873     -91.369      77.597
RET_LAG27    -56.3650     42.257     -1.334      0.182    -139.187      26.457
RET_LAG28     61.9826     42.681      1.452      0.146     -21.670     145.635
RET_LAG29    -49.7033     42.685     -1.164      0.244    -133.365      33.958
RET_LAG3      33.8279     42.346      0.799      0.424     -49.169     116.825
RET_LAG30      3.3731     42.483      0.079      0.937     -79.893      86.639
RET_LAG31     24.8061     43.135      0.575      0.565     -59.736     109.349
RET_LAG32     -6.4615     43.037     -0.150      0.881     -90.813      77.890
RET_LAG33    -34.0010     43.053     -0.790      0.430    -118.383      50.381
RET_LAG34    -69.8645     43.137     -1.620      0.105    -154.411      14.682
RET_LAG35    -63.7048     42.603     -1.495      0.135    -147.206      19.796
RET_LAG36     -9.8259     42.543     -0.231      0.817     -93.209      73.557
RET_LAG37    -40.2580     42.293     -0.952      0.341    -123.151      42.635
RET_LAG38    122.6021     41.978      2.921      0.003      40.326     204.878
RET_LAG39    -34.9595     43.208     -0.809      0.418    -119.645      49.726
RET_LAG4      66.9775     43.758      1.531      0.126     -18.787     152.742
RET_LAG40     57.7807     42.452      1.361      0.173     -25.424     140.985
RET_LAG41    -71.5066     43.353     -1.649      0.099    -156.476      13.463
RET_LAG42    -11.8204     43.402     -0.272      0.785     -96.887      73.246
RET_LAG43     -3.8840     43.196     -0.090      0.928     -88.546      80.778
RET_LAG44    -64.5318     43.343     -1.489      0.137    -149.483      20.419
RET_LAG45    -12.1212     43.418     -0.279      0.780     -97.220      72.977
RET_LAG46     13.3419     43.887      0.304      0.761     -72.675      99.359
RET_LAG47    -30.1622     43.958     -0.686      0.493    -116.319      55.994
RET_LAG48     17.4785     42.776      0.409      0.683     -66.362     101.318
RET_LAG49     77.6939     44.161      1.759      0.079      -8.861     164.248
RET_LAG5       6.4937     43.725      0.149      0.882     -79.205      92.192
RET_LAG50     21.2027     44.443      0.477      0.633     -65.904     108.309
RET_LAG51     84.5146     43.522      1.942      0.052      -0.788     169.817
RET_LAG52     25.6241     44.671      0.574      0.566     -61.930     113.178
RET_LAG53    -19.0870     43.423     -0.440      0.660    -104.195      66.021
RET_LAG54     73.5203     43.652      1.684      0.092     -12.035     159.076
RET_LAG55    -20.8308     44.373     -0.469      0.639    -107.799      66.138
RET_LAG56    -47.2126     43.349     -1.089      0.276    -132.174      37.749
RET_LAG57     62.2603     43.782      1.422      0.155     -23.551     148.071
RET_LAG58    -49.3586     44.504     -1.109      0.267    -136.585      37.868
RET_LAG59    -24.9561     43.655     -0.572      0.568    -110.518      60.606
RET_LAG6      13.1160     43.204      0.304      0.761     -71.563      97.795
RET_LAG60     36.1948     44.011      0.822      0.411     -50.065     122.455
RET_LAG7    -106.9259     43.071     -2.483      0.013    -191.344     -22.508
RET_LAG8     -27.1633     41.986     -0.647      0.518    -109.455      55.128
RET_LAG9      30.9558     42.670      0.725      0.468     -52.676     114.587
VOL_LAG1    1.897e-07    6.6e-08      2.874      0.004    6.03e-08    3.19e-07
VOL_LAG10   7.722e-08   7.92e-08      0.975      0.330   -7.81e-08    2.33e-07
VOL_LAG11   1.529e-07   7.09e-08      2.157      0.031     1.4e-08    2.92e-07
VOL_LAG12   1.177e-07   7.45e-08      1.581      0.114   -2.83e-08    2.64e-07
VOL_LAG13   1.344e-07   7.17e-08      1.873      0.061   -6.21e-09    2.75e-07
VOL_LAG14   1.197e-07   7.72e-08      1.551      0.121   -3.15e-08    2.71e-07
VOL_LAG15   9.225e-08   7.88e-08      1.171      0.242   -6.22e-08    2.47e-07
VOL_LAG16   1.289e-07   7.66e-08      1.682      0.093   -2.13e-08    2.79e-07
VOL_LAG17    5.04e-08   9.59e-08      0.526      0.599   -1.37e-07    2.38e-07
VOL_LAG18   4.876e-08   8.84e-08      0.551      0.581   -1.25e-07    2.22e-07
VOL_LAG19   1.069e-07   8.13e-08      1.315      0.189   -5.25e-08    2.66e-07
VOL_LAG2    2.526e-07   6.58e-08      3.837      0.000    1.24e-07    3.82e-07
VOL_LAG20   6.935e-08   8.84e-08      0.785      0.433   -1.04e-07    2.43e-07
VOL_LAG21   5.989e-08   9.33e-08      0.642      0.521   -1.23e-07    2.43e-07
VOL_LAG22   3.038e-08      1e-07      0.303      0.762   -1.66e-07    2.27e-07
VOL_LAG23   1.275e-07   7.96e-08      1.602      0.109   -2.85e-08    2.83e-07
VOL_LAG24   6.235e-08    9.3e-08      0.671      0.502    -1.2e-07    2.45e-07
VOL_LAG25   9.671e-08   8.71e-08      1.110      0.267    -7.4e-08    2.67e-07
VOL_LAG26   7.593e-08   9.18e-08      0.827      0.408   -1.04e-07    2.56e-07
VOL_LAG27   3.894e-08   1.04e-07      0.376      0.707   -1.64e-07    2.42e-07
VOL_LAG28   4.286e-08   1.06e-07      0.406      0.685   -1.64e-07     2.5e-07
VOL_LAG29     2.8e-08   1.05e-07      0.265      0.791   -1.79e-07    2.35e-07
VOL_LAG3    1.612e-07   6.79e-08      2.373      0.018     2.8e-08    2.94e-07
VOL_LAG30   1.295e-07   8.31e-08      1.558      0.119   -3.34e-08    2.92e-07
VOL_LAG31    4.95e-08   1.07e-07      0.462      0.644    -1.6e-07    2.59e-07
VOL_LAG32   2.161e-08   1.13e-07      0.191      0.848      -2e-07    2.43e-07
VOL_LAG33   2.503e-08   1.17e-07      0.215      0.830   -2.03e-07    2.54e-07
VOL_LAG34   1.185e-08   1.25e-07      0.095      0.924   -2.33e-07    2.57e-07
VOL_LAG35   1.371e-08   1.21e-07      0.114      0.910   -2.23e-07     2.5e-07
VOL_LAG36    9.84e-08   9.42e-08      1.044      0.296   -8.63e-08    2.83e-07
VOL_LAG37   2.639e-08   1.15e-07      0.229      0.819   -1.99e-07    2.52e-07
VOL_LAG38   1.033e-07   9.36e-08      1.104      0.269   -8.01e-08    2.87e-07
VOL_LAG39  -4.987e-08   1.57e-07     -0.318      0.750   -3.57e-07    2.57e-07
VOL_LAG4    1.116e-07    7.1e-08      1.571      0.116   -2.77e-08    2.51e-07
VOL_LAG40   1.108e-08   1.26e-07      0.088      0.930   -2.35e-07    2.57e-07
VOL_LAG41   9.236e-08   1.03e-07      0.899      0.369   -1.09e-07    2.94e-07
VOL_LAG42  -6.438e-08   1.59e-07     -0.406      0.685   -3.75e-07    2.46e-07
VOL_LAG43   1.421e-07    8.6e-08      1.652      0.098   -2.65e-08    3.11e-07
VOL_LAG44  -8.505e-09   1.52e-07     -0.056      0.956   -3.07e-07     2.9e-07
VOL_LAG45  -1.753e-07   2.28e-07     -0.769      0.442   -6.22e-07    2.71e-07
VOL_LAG46  -3.333e-08   1.47e-07     -0.227      0.820   -3.21e-07    2.54e-07
VOL_LAG47   1.015e-07   9.99e-08      1.015      0.310   -9.44e-08    2.97e-07
VOL_LAG48   9.257e-08   1.05e-07      0.883      0.377   -1.13e-07    2.98e-07
VOL_LAG49  -6.814e-08   1.72e-07     -0.397      0.691   -4.04e-07    2.68e-07
VOL_LAG5    1.165e-07    7.2e-08      1.619      0.106   -2.46e-08    2.58e-07
VOL_LAG50  -5.476e-08   1.65e-07     -0.332      0.740   -3.78e-07    2.69e-07
VOL_LAG51  -2.024e-08   1.47e-07     -0.138      0.890   -3.08e-07    2.68e-07
VOL_LAG52   9.432e-08   1.12e-07      0.845      0.398   -1.24e-07    3.13e-07
VOL_LAG53  -1.609e-07   2.26e-07     -0.711      0.477   -6.04e-07    2.83e-07
VOL_LAG54   6.977e-08   1.06e-07      0.660      0.509   -1.37e-07    2.77e-07
VOL_LAG55   3.405e-08   1.21e-07      0.282      0.778   -2.03e-07    2.71e-07
VOL_LAG56   4.593e-08   1.17e-07      0.392      0.695   -1.84e-07    2.76e-07
VOL_LAG57  -1.344e-08   1.49e-07     -0.090      0.928   -3.05e-07    2.79e-07
VOL_LAG58  -7.401e-08   1.77e-07     -0.419      0.675    -4.2e-07    2.72e-07
VOL_LAG59  -1.311e-07   2.02e-07     -0.648      0.517   -5.28e-07    2.65e-07
VOL_LAG6     1.36e-07   7.09e-08      1.917      0.055   -3.02e-09    2.75e-07
VOL_LAG60   1.188e-07   9.21e-08      1.290      0.197   -6.17e-08    2.99e-07
VOL_LAG7    1.144e-07   7.29e-08      1.571      0.116   -2.84e-08    2.57e-07
VOL_LAG8    1.077e-07   7.38e-08      1.459      0.145    -3.7e-08    2.52e-07
VOL_LAG9    1.377e-07   7.05e-08      1.953      0.051   -5.24e-10    2.76e-07
==============================================================================