                 Generalized Linear Model Regression Results                  
==============================================================================
Dep. Variable:                      Y   No. Observations:                15172
Model:                            GLM   Df Residuals:                    14928
Model Family:                Binomial   Df Model:                          243
Link Function:                  Logit   Scale:                          1.0000
Method:                          IRLS   Log-Likelihood:                -3178.9
Date:                Sun, 17 Mar 2024   Deviance:                       6357.7
Time:                        19:21:28   Pearson chi2:                 1.44e+04
No. Iterations:                    18   Pseudo R-squ. (CS):            0.05538
Covariance Type:            nonrobust                                         
=================================================================================
                    coef    std err          z      P>|z|      [0.025      0.975]
---------------------------------------------------------------------------------
Intercept        -3.2806      0.063    -51.902      0.000      -3.405      -3.157
RET_LAG1        102.0269     37.656      2.709      0.007      28.222     175.832
RET_LAG10       -14.2779     37.998     -0.376      0.707     -88.753      60.197
RET_LAG100       20.0534     46.331      0.433      0.665     -70.754     110.860
RET_LAG101       32.9907     46.344      0.712      0.477     -57.842     123.824
RET_LAG102        4.4081     44.982      0.098      0.922     -83.754      92.571
RET_LAG103     -107.0667     46.574     -2.299      0.022    -198.349     -15.784
RET_LAG104       53.7525     49.049      1.096      0.273     -42.382     149.887
RET_LAG105       -5.2056     49.268     -0.106      0.916    -101.768      91.357
RET_LAG106        2.0790     50.581      0.041      0.967     -97.057     101.215
RET_LAG107        4.4167     47.548      0.093      0.926     -88.776      97.610
RET_LAG108      -15.0302     47.407     -0.317      0.751    -107.946      77.885
RET_LAG109       64.7575     49.464      1.309      0.190     -32.191     161.706
RET_LAG11        10.8264     38.745      0.279      0.780     -65.112      86.765
RET_LAG110      -12.6467     46.623     -0.271      0.786    -104.025      78.732
RET_LAG111       10.8707     46.106      0.236      0.814     -79.495     101.237
RET_LAG112       24.1833     48.784      0.496      0.620     -71.432     119.799
RET_LAG113       74.7956     47.352      1.580      0.114     -18.012     167.603
RET_LAG114      -27.5904     47.409     -0.582      0.561    -120.510      65.329
RET_LAG115      -46.0444     48.959     -0.940      0.347    -142.003      49.914
RET_LAG116       30.3553     48.722      0.623      0.533     -65.137     125.848
RET_LAG117       86.4357     46.882      1.844      0.065      -5.452     178.323
RET_LAG118       46.9345     45.861      1.023      0.306     -42.952     136.821
RET_LAG119       59.9947     51.305      1.169      0.242     -40.561     160.550
RET_LAG12       -17.1811     38.757     -0.443      0.658     -93.143      58.781
RET_LAG120       13.4549     49.301      0.273      0.785     -83.174     110.084
RET_LAG13        -1.3482     39.389     -0.034      0.973     -78.550      75.853
RET_LAG14        28.9444     38.349      0.755      0.450     -46.219     104.107
RET_LAG15       -47.8611     38.088     -1.257      0.209    -122.511      26.789
RET_LAG16       -34.9205     40.071     -0.871      0.384    -113.459      43.618
RET_LAG17       -15.4484     39.691     -0.389      0.697     -93.241      62.344
RET_LAG18        31.4440     39.393      0.798      0.425     -45.764     108.652
RET_LAG19        48.5401     39.213      1.238      0.216     -28.316     125.396
RET_LAG2        -94.7535     42.390     -2.235      0.025    -177.835     -11.672
RET_LAG20       -45.0755     40.209     -1.121      0.262    -123.885      33.734
RET_LAG21        -0.7555     38.579     -0.020      0.984     -76.369      74.858
RET_LAG22       -10.4363     40.350     -0.259      0.796     -89.521      68.649
RET_LAG23        39.2789     39.634      0.991      0.322     -38.402     116.960
RET_LAG24        54.5256     41.094      1.327      0.185     -26.017     135.068
RET_LAG25        21.3583     39.199      0.545      0.586     -55.470      98.186
RET_LAG26        20.0653     38.507      0.521      0.602     -55.406      95.537
RET_LAG27       -22.5977     39.647     -0.570      0.569    -100.305      55.110
RET_LAG28       104.0232     40.495      2.569      0.010      24.654     183.393
RET_LAG29        -3.5404     39.679     -0.089      0.929     -81.310      74.229
RET_LAG3         45.3395     38.107      1.190      0.234     -29.350     120.028
RET_LAG30        23.7745     40.509      0.587      0.557     -55.622     103.171
RET_LAG31        30.4583     40.460      0.753      0.452     -48.842     109.758
RET_LAG32         4.6712     39.996      0.117      0.907     -73.720      83.063
RET_LAG33       -19.6645     40.815     -0.482      0.630     -99.660      60.331
RET_LAG34       -45.9255     43.492     -1.056      0.291    -131.169      39.318
RET_LAG35       -23.3960     43.614     -0.536      0.592    -108.879      62.087
RET_LAG36        14.6838     38.904      0.377      0.706     -61.568      90.935
RET_LAG37        -4.2694     42.713     -0.100      0.920     -87.986      79.447
RET_LAG38       101.0627     39.445      2.562      0.010      23.751     178.374
RET_LAG39       -34.9023     42.306     -0.825      0.409    -117.821      48.017
RET_LAG4         46.2232     38.082      1.214      0.225     -28.417     120.863
RET_LAG40        68.0844     40.981      1.661      0.097     -12.238     148.407
RET_LAG41       -36.6407     40.281     -0.910      0.363    -115.590      42.309
RET_LAG42       -19.4028     40.905     -0.474      0.635     -99.576      60.770
RET_LAG43        39.1420     40.675      0.962      0.336     -40.580     118.864
RET_LAG44       -24.7672     40.388     -0.613      0.540    -103.926      54.392
RET_LAG45         4.4908     41.048      0.109      0.913     -75.961      84.943
RET_LAG46        38.6727     42.151      0.917      0.359     -43.942     121.288
RET_LAG47         3.5584     39.692      0.090      0.929     -74.237      81.354
RET_LAG48        31.5085     40.888      0.771      0.441     -48.631     111.648
RET_LAG49        61.8025     40.439      1.528      0.126     -17.456     141.061
RET_LAG5         25.2661     39.569      0.639      0.523     -52.288     102.820
RET_LAG50        41.8873     44.153      0.949      0.343     -44.651     128.426
RET_LAG51        80.6062     41.952      1.921      0.055      -1.618     162.831
RET_LAG52        40.2852     44.852      0.898      0.369     -47.624     128.194
RET_LAG53        -4.1073     40.740     -0.101      0.920     -83.957      75.742
RET_LAG54        85.7056     41.830      2.049      0.040       3.719     167.692
RET_LAG55        -6.0799     41.445     -0.147      0.883     -87.310      75.150
RET_LAG56       -31.5177     42.038     -0.750      0.453    -113.910      50.875
RET_LAG57        67.7720     41.867      1.619      0.106     -14.286     149.830
RET_LAG58       -18.2817     40.296     -0.454      0.650     -97.261      60.697
RET_LAG59       -13.7220     40.432     -0.339      0.734     -92.967      65.523
RET_LAG6         36.3127     37.847      0.959      0.337     -37.867     110.492
RET_LAG60        21.2132     41.790      0.508      0.612     -60.694     103.120
RET_LAG61        16.1684     44.197      0.366      0.714     -70.457     102.794
RET_LAG62       -35.7306     41.490     -0.861      0.389    -117.049      45.588
RET_LAG63       -97.4696     42.782     -2.278      0.023    -181.321     -13.618
RET_LAG64       -32.0755     41.476     -0.773      0.439    -113.368      49.217
RET_LAG65        44.6781     43.578      1.025      0.305     -40.732     130.089
RET_LAG66        31.2125     42.182      0.740      0.459     -51.463     113.888
RET_LAG67        50.5112     42.031      1.202      0.229     -31.869     132.891
RET_LAG68       104.7656     46.083      2.273      0.023      14.445     195.086
RET_LAG69       -47.1067     46.515     -1.013      0.311    -138.274      44.061
RET_LAG7        -74.8995     39.279     -1.907      0.057    -151.885       2.086
RET_LAG70       -28.9870     44.417     -0.653      0.514    -116.042      58.068
RET_LAG71        20.5570     44.043      0.467      0.641     -65.765     106.879
RET_LAG72        29.5765     42.804      0.691      0.490     -54.317     113.470
RET_LAG73       -51.0261     43.278     -1.179      0.238    -135.849      33.797
RET_LAG74       -12.6103     42.658     -0.296      0.768     -96.219      70.998
RET_LAG75       -66.6667     48.648     -1.370      0.171    -162.015      28.681
RET_LAG76        20.9567     45.717      0.458      0.647     -68.647     110.561
RET_LAG77       -55.3178     46.520     -1.189      0.234    -146.495      35.860
RET_LAG78       -10.2720     44.292     -0.232      0.817     -97.083      76.539
RET_LAG79        -1.4474     43.289     -0.033      0.973     -86.292      83.398
RET_LAG8         -8.4879     38.655     -0.220      0.826     -84.251      67.275
RET_LAG80       -26.0235     44.349     -0.587      0.557    -112.946      60.899
RET_LAG81       -36.2024     46.031     -0.786      0.432    -126.422      54.018
RET_LAG82        54.7930     47.177      1.161      0.245     -37.673     147.259
RET_LAG83       -69.4127     45.696     -1.519      0.129    -158.975      20.150
RET_LAG84       -15.6448     44.525     -0.351      0.725    -102.912      71.622
RET_LAG85        11.0857     43.333      0.256      0.798     -73.846      96.018
RET_LAG86         6.1536     45.384      0.136      0.892     -82.797      95.104
RET_LAG87       -30.1388     44.163     -0.682      0.495    -116.697      56.419
RET_LAG88       -90.4043     47.710     -1.895      0.058    -183.913       3.105
RET_LAG89        64.5526     45.650      1.414      0.157     -24.919     154.024
RET_LAG9         38.3729     38.767      0.990      0.322     -37.609     114.355
RET_LAG90        33.6230     46.534      0.723      0.470     -57.582     124.828
RET_LAG91      -161.0862     45.502     -3.540      0.000    -250.269     -71.904
RET_LAG92         9.5532     47.765      0.200      0.841     -84.064     103.170
RET_LAG93        45.5929     45.174      1.009      0.313     -42.946     134.132
RET_LAG94       -73.7763     44.734     -1.649      0.099    -161.454      13.902
RET_LAG95       -19.9994     44.811     -0.446      0.655    -107.827      67.828
RET_LAG96        22.9954     44.993      0.511      0.609     -65.190     111.181
RET_LAG97        11.0754     48.723      0.227      0.820     -84.421     106.571
RET_LAG98         5.3928     46.084      0.117      0.907     -84.931      95.716
RET_LAG99       -67.6923     49.561     -1.366      0.172    -164.830      29.445
SQ_RET_LAG1     9.32e+04   1.24e+04      7.541      0.000     6.9e+04    1.17e+05
SQ_RET_LAG10   2.195e+04   1.02e+04      2.151      0.031    1950.632     4.2e+04
SQ_RET_LAG100  2.067e+04   1.35e+04      1.529      0.126   -5822.930    4.72e+04
SQ_RET_LAG101  1973.2026   1.27e+04      0.156      0.876   -2.29e+04    2.68e+04
SQ_RET_LAG102  2.197e+04   1.25e+04      1.763      0.078   -2452.991    4.64e+04
SQ_RET_LAG103  1.216e+04   1.26e+04      0.964      0.335   -1.26e+04    3.69e+04
SQ_RET_LAG104 -3370.9359   1.45e+04     -0.232      0.817   -3.19e+04    2.51e+04
SQ_RET_LAG105   370.6695   1.69e+04      0.022      0.983   -3.28e+04    3.35e+04
SQ_RET_LAG106 -3.071e+04   1.81e+04     -1.699      0.089   -6.61e+04    4710.442
SQ_RET_LAG107  1.193e+04   1.37e+04      0.872      0.383   -1.49e+04    3.87e+04
SQ_RET_LAG108  5778.4761   1.36e+04      0.426      0.670   -2.08e+04    3.23e+04
SQ_RET_LAG109 -7859.3243   1.51e+04     -0.520      0.603   -3.75e+04    2.17e+04
SQ_RET_LAG11   5439.8560   1.07e+04      0.507      0.612   -1.56e+04    2.65e+04
SQ_RET_LAG110  7168.1909   1.27e+04      0.565      0.572   -1.77e+04     3.2e+04
SQ_RET_LAG111  1.819e+04   1.26e+04      1.442      0.149   -6540.881    4.29e+04
SQ_RET_LAG112 -2203.2001    1.4e+04     -0.158      0.875   -2.96e+04    2.52e+04
SQ_RET_LAG113  4618.2763   1.38e+04      0.336      0.737   -2.24e+04    3.16e+04
SQ_RET_LAG114  1.135e+04   1.32e+04      0.861      0.389   -1.45e+04    3.72e+04
SQ_RET_LAG115 -6959.1343   1.46e+04     -0.477      0.633   -3.55e+04    2.16e+04
SQ_RET_LAG116 -3419.5469   1.41e+04     -0.242      0.809   -3.11e+04    2.43e+04
SQ_RET_LAG117  1.103e+04   1.26e+04      0.875      0.382   -1.37e+04    3.57e+04
SQ_RET_LAG118  2.349e+04   1.25e+04      1.881      0.060    -992.683     4.8e+04
SQ_RET_LAG119 -1.541e+04    1.7e+04     -0.908      0.364   -4.87e+04    1.78e+04
SQ_RET_LAG12   1.362e+04   1.05e+04      1.298      0.194   -6954.865    3.42e+04
SQ_RET_LAG120  1050.0548    1.6e+04      0.066      0.948   -3.03e+04    3.24e+04
SQ_RET_LAG13   1433.2374   1.06e+04      0.136      0.892   -1.93e+04    2.21e+04
SQ_RET_LAG14   1.525e+04   1.03e+04      1.484      0.138   -4892.406    3.54e+04
SQ_RET_LAG15   2.667e+04   1.02e+04      2.627      0.009    6774.164    4.66e+04
SQ_RET_LAG16  -1.022e+04   1.12e+04     -0.912      0.362   -3.22e+04    1.17e+04
SQ_RET_LAG17   8818.1862   1.14e+04      0.771      0.441   -1.36e+04    3.12e+04
SQ_RET_LAG18   7145.3313   1.07e+04      0.668      0.504   -1.38e+04    2.81e+04
SQ_RET_LAG19   1.056e+04   1.08e+04      0.979      0.328   -1.06e+04    3.17e+04
SQ_RET_LAG2   -2.319e+04   1.32e+04     -1.754      0.079   -4.91e+04    2724.097
SQ_RET_LAG20   1537.2079   1.09e+04      0.141      0.888   -1.98e+04    2.29e+04
SQ_RET_LAG21   1.772e+04   1.04e+04      1.700      0.089   -2709.733    3.82e+04
SQ_RET_LAG22   1422.9598   1.13e+04      0.126      0.900   -2.07e+04    2.35e+04
SQ_RET_LAG23   8324.0380    1.1e+04      0.755      0.450   -1.33e+04    2.99e+04
SQ_RET_LAG24  -1142.0718   1.22e+04     -0.093      0.926   -2.51e+04    2.28e+04
SQ_RET_LAG25   1.106e+04   1.09e+04      1.014      0.311   -1.03e+04    3.24e+04
SQ_RET_LAG26   1.959e+04   1.06e+04      1.855      0.064   -1112.345    4.03e+04
SQ_RET_LAG27   9333.3215   1.07e+04      0.871      0.384   -1.17e+04    3.03e+04
SQ_RET_LAG28   -404.9813   1.16e+04     -0.035      0.972   -2.32e+04    2.24e+04
SQ_RET_LAG29   1.675e+04   1.07e+04      1.564      0.118   -4246.524    3.77e+04
SQ_RET_LAG3    3.158e+04   1.08e+04      2.922      0.003    1.04e+04    5.28e+04
SQ_RET_LAG30  -2578.5414   1.15e+04     -0.225      0.822   -2.51e+04    1.99e+04
SQ_RET_LAG31   1.106e+04   1.18e+04      0.935      0.350   -1.21e+04    3.42e+04
SQ_RET_LAG32   1.174e+04   1.14e+04      1.034      0.301   -1.05e+04     3.4e+04
SQ_RET_LAG33   5945.6238   1.22e+04      0.487      0.626    -1.8e+04    2.99e+04
SQ_RET_LAG34  -1.313e+04   1.72e+04     -0.762      0.446   -4.69e+04    2.06e+04
SQ_RET_LAG35  -1.619e+04   1.44e+04     -1.122      0.262   -4.45e+04    1.21e+04
SQ_RET_LAG36   3.204e+04   1.11e+04      2.883      0.004    1.03e+04    5.38e+04
SQ_RET_LAG37  -2.125e+04   1.36e+04     -1.560      0.119    -4.8e+04    5454.016
SQ_RET_LAG38   4.009e+04   1.17e+04      3.433      0.001    1.72e+04     6.3e+04
SQ_RET_LAG39  -1.327e+04   1.41e+04     -0.939      0.348    -4.1e+04    1.44e+04
SQ_RET_LAG4    1.765e+04   1.06e+04      1.670      0.095   -3067.617    3.84e+04
SQ_RET_LAG40   7576.1449   1.25e+04      0.605      0.545    -1.7e+04    3.21e+04
SQ_RET_LAG41   8076.4527   1.12e+04      0.722      0.471   -1.39e+04       3e+04
SQ_RET_LAG42   1.117e+04   1.17e+04      0.952      0.341   -1.18e+04    3.42e+04
SQ_RET_LAG43    246.4345   1.16e+04      0.021      0.983   -2.25e+04     2.3e+04
SQ_RET_LAG44   1.233e+04   1.12e+04      1.098      0.272   -9678.067    3.43e+04
SQ_RET_LAG45   4451.7775    1.2e+04      0.372      0.710    -1.9e+04    2.79e+04
SQ_RET_LAG46  -4029.3888   1.24e+04     -0.325      0.745   -2.83e+04    2.03e+04
SQ_RET_LAG47   2.641e+04   1.05e+04      2.511      0.012    5795.221     4.7e+04
SQ_RET_LAG48  -3686.2710   1.11e+04     -0.333      0.739   -2.54e+04     1.8e+04
SQ_RET_LAG49   2.403e+04   1.14e+04      2.110      0.035    1706.177    4.64e+04
SQ_RET_LAG5    6629.2580   1.06e+04      0.627      0.530   -1.41e+04    2.73e+04
SQ_RET_LAG50  -1.741e+04   1.54e+04     -1.129      0.259   -4.76e+04    1.28e+04
SQ_RET_LAG51   9708.2442   1.35e+04      0.719      0.472   -1.68e+04    3.62e+04
SQ_RET_LAG52  -3.011e+04   1.86e+04     -1.618      0.106   -6.66e+04    6365.115
SQ_RET_LAG53   2.186e+04   1.13e+04      1.930      0.054    -340.088    4.41e+04
SQ_RET_LAG54   3231.6322   1.22e+04      0.265      0.791   -2.07e+04    2.71e+04
SQ_RET_LAG55   1.156e+04   1.17e+04      0.990      0.322   -1.13e+04    3.45e+04
SQ_RET_LAG56   3695.5361   1.12e+04      0.329      0.742   -1.83e+04    2.57e+04
SQ_RET_LAG57    591.6076   1.11e+04      0.053      0.957   -2.11e+04    2.23e+04
SQ_RET_LAG58    1.92e+04   1.05e+04      1.834      0.067   -1317.673    3.97e+04
SQ_RET_LAG59   5784.8752   1.06e+04      0.547      0.585    -1.5e+04    2.65e+04
SQ_RET_LAG6    1.197e+04   9860.896      1.214      0.225   -7354.415    3.13e+04
SQ_RET_LAG60    1.47e+04   1.17e+04      1.256      0.209   -8233.923    3.76e+04
SQ_RET_LAG61  -1.266e+04   1.44e+04     -0.881      0.378   -4.08e+04    1.55e+04
SQ_RET_LAG62   1.515e+04   1.12e+04      1.355      0.176   -6770.798    3.71e+04
SQ_RET_LAG63    -48.9199   1.09e+04     -0.004      0.996   -2.14e+04    2.13e+04
SQ_RET_LAG64   9891.5591   1.05e+04      0.944      0.345   -1.06e+04    3.04e+04
SQ_RET_LAG65  -4480.9024   1.19e+04     -0.378      0.706   -2.77e+04    1.88e+04
SQ_RET_LAG66   9258.4316   1.07e+04      0.864      0.387   -1.17e+04    3.03e+04
SQ_RET_LAG67   1.044e+04   1.07e+04      0.978      0.328   -1.05e+04    3.14e+04
SQ_RET_LAG68  -1741.7899   1.35e+04     -0.129      0.897   -2.82e+04    2.47e+04
SQ_RET_LAG69  -1.834e+04   1.76e+04     -1.041      0.298   -5.29e+04    1.62e+04
SQ_RET_LAG7    1.328e+04   1.08e+04      1.228      0.219   -7915.652    3.45e+04
SQ_RET_LAG70  -3234.2955   1.29e+04     -0.251      0.802   -2.85e+04     2.2e+04
SQ_RET_LAG71   4952.9690   1.13e+04      0.439      0.661   -1.72e+04    2.71e+04
SQ_RET_LAG72   1.223e+04   1.08e+04      1.136      0.256   -8867.741    3.33e+04
SQ_RET_LAG73   1537.5802   1.09e+04      0.141      0.888   -1.99e+04    2.29e+04
SQ_RET_LAG74   1.934e+04   1.16e+04      1.661      0.097   -3475.930    4.22e+04
SQ_RET_LAG75  -2.521e+04   1.94e+04     -1.299      0.194   -6.32e+04    1.28e+04
SQ_RET_LAG76  -1466.0405   1.59e+04     -0.092      0.926   -3.25e+04    2.96e+04
SQ_RET_LAG77  -1.066e+04   1.41e+04     -0.753      0.451   -3.84e+04    1.71e+04
SQ_RET_LAG78   9790.2917   1.12e+04      0.872      0.383   -1.22e+04    3.18e+04
SQ_RET_LAG79   7998.4692   1.07e+04      0.745      0.456    -1.3e+04     2.9e+04
SQ_RET_LAG8    9093.1133   1.04e+04      0.874      0.382   -1.13e+04    2.95e+04
SQ_RET_LAG80   5356.3553    1.2e+04      0.447      0.655   -1.81e+04    2.88e+04
SQ_RET_LAG81  -1.249e+04   1.47e+04     -0.848      0.396   -4.13e+04    1.64e+04
SQ_RET_LAG82  -5588.3389   1.56e+04     -0.357      0.721   -3.63e+04    2.51e+04
SQ_RET_LAG83   4396.7953   1.19e+04      0.369      0.712    -1.9e+04    2.78e+04
SQ_RET_LAG84   5649.8324   1.09e+04      0.519      0.604   -1.57e+04     2.7e+04
SQ_RET_LAG85   1.321e+04   1.03e+04      1.281      0.200   -7006.590    3.34e+04
SQ_RET_LAG86  -1782.1031    1.1e+04     -0.162      0.872   -2.34e+04    1.98e+04
SQ_RET_LAG87    1.91e+04   1.13e+04      1.693      0.091   -3015.421    4.12e+04
SQ_RET_LAG88  -1.406e+04   1.41e+04     -0.998      0.318   -4.17e+04    1.35e+04
SQ_RET_LAG89   2657.1824   1.29e+04      0.206      0.837   -2.26e+04    2.79e+04
SQ_RET_LAG9    6901.6517   1.05e+04      0.659      0.510   -1.36e+04    2.74e+04
SQ_RET_LAG90   -202.6206   1.43e+04     -0.014      0.989   -2.83e+04    2.79e+04
SQ_RET_LAG91   1.825e+04    1.2e+04      1.518      0.129   -5307.059    4.18e+04
SQ_RET_LAG92  -1.892e+04   1.35e+04     -1.397      0.162   -4.55e+04    7619.254
SQ_RET_LAG93   1.394e+04   1.26e+04      1.109      0.268   -1.07e+04    3.86e+04
SQ_RET_LAG94   1.607e+04   1.23e+04      1.308      0.191   -8013.268    4.01e+04
SQ_RET_LAG95   1.206e+04   1.23e+04      0.979      0.327   -1.21e+04    3.62e+04
SQ_RET_LAG96   2.278e+04   1.27e+04      1.796      0.072   -2077.642    4.76e+04
SQ_RET_LAG97  -1.071e+04   1.57e+04     -0.683      0.495   -4.15e+04       2e+04
SQ_RET_LAG98   1.421e+04   1.39e+04      1.019      0.308   -1.31e+04    4.15e+04
SQ_RET_LAG99  -2.301e+04   1.63e+04     -1.416      0.157   -5.49e+04    8841.443
VOL_LAG1       1.348e-07   7.54e-08      1.788      0.074    -1.3e-08    2.83e-07
VOL_LAG10      1.098e-08   1.12e-07      0.098      0.922   -2.09e-07    2.31e-07
VOL_LAG100     -8.61e-08   2.46e-07     -0.350      0.726   -5.68e-07    3.96e-07
VOL_LAG101     1.221e-08   1.75e-07      0.070      0.944    -3.3e-07    3.54e-07
VOL_LAG102    -1.287e-07   2.32e-07     -0.553      0.580   -5.84e-07    3.27e-07
VOL_LAG103    -1.961e-07   2.65e-07     -0.741      0.459   -7.15e-07    3.23e-07
VOL_LAG104     6.527e-08   1.53e-07      0.426      0.670   -2.35e-07    3.66e-07
VOL_LAG105    -1.129e-07   2.28e-07     -0.494      0.621   -5.61e-07    3.35e-07
VOL_LAG106    -1.503e-08   1.87e-07     -0.080      0.936   -3.81e-07    3.51e-07
VOL_LAG107    -9.236e-08   2.14e-07     -0.432      0.666   -5.11e-07    3.26e-07
VOL_LAG108    -1.899e-07   2.41e-07     -0.787      0.431   -6.63e-07    2.83e-07
VOL_LAG109     3.856e-08   1.53e-07      0.252      0.801   -2.62e-07    3.39e-07
VOL_LAG11      1.548e-07   8.33e-08      1.859      0.063   -8.42e-09    3.18e-07
VOL_LAG110      1.59e-08   1.71e-07      0.093      0.926   -3.18e-07     3.5e-07
VOL_LAG111    -1.228e-07   2.65e-07     -0.464      0.643   -6.41e-07    3.96e-07
VOL_LAG112    -1.742e-07   2.77e-07     -0.630      0.529   -7.16e-07    3.68e-07
VOL_LAG113     1.774e-07   1.06e-07      1.670      0.095   -3.09e-08    3.86e-07
VOL_LAG114     -2.74e-07   2.71e-07     -1.013      0.311   -8.04e-07    2.56e-07
VOL_LAG115    -5.387e-08   1.95e-07     -0.277      0.782   -4.35e-07    3.28e-07
VOL_LAG116    -6.616e-08   1.92e-07     -0.345      0.730   -4.42e-07     3.1e-07
VOL_LAG117     1.403e-08   1.44e-07      0.097      0.923   -2.69e-07    2.97e-07
VOL_LAG118     8.133e-08   1.35e-07      0.605      0.545   -1.82e-07    3.45e-07
VOL_LAG119    -2.371e-07   2.61e-07     -0.910      0.363   -7.48e-07    2.74e-07
VOL_LAG12      8.836e-08   9.62e-08      0.919      0.358      -1e-07    2.77e-07
VOL_LAG120    -1.504e-07   2.14e-07     -0.702      0.483    -5.7e-07     2.7e-07
VOL_LAG13      1.255e-07   8.33e-08      1.507      0.132   -3.77e-08    2.89e-07
VOL_LAG14      9.592e-08   9.66e-08      0.993      0.321   -9.34e-08    2.85e-07
VOL_LAG15      6.958e-08   1.01e-07      0.687      0.492   -1.29e-07    2.68e-07
VOL_LAG16      1.317e-07   9.21e-08      1.430      0.153   -4.88e-08    3.12e-07
VOL_LAG17      1.326e-09   1.43e-07      0.009      0.993   -2.78e-07    2.81e-07
VOL_LAG18       1.27e-08   1.26e-07      0.101      0.919   -2.33e-07    2.59e-07
VOL_LAG19      6.947e-08   1.05e-07      0.663      0.508   -1.36e-07    2.75e-07
VOL_LAG2       2.493e-07   6.75e-08      3.694      0.000    1.17e-07    3.82e-07
VOL_LAG20      5.803e-08   1.16e-07      0.498      0.618    -1.7e-07    2.86e-07
VOL_LAG21     -2.222e-08   1.38e-07     -0.161      0.872   -2.93e-07    2.48e-07
VOL_LAG22     -3.679e-09   1.43e-07     -0.026      0.979   -2.83e-07    2.76e-07
VOL_LAG23      1.122e-07   9.58e-08      1.171      0.241   -7.55e-08       3e-07
VOL_LAG24      5.855e-08   1.21e-07      0.482      0.630    -1.8e-07    2.97e-07
VOL_LAG25      7.416e-08    1.1e-07      0.672      0.502   -1.42e-07     2.9e-07
VOL_LAG26      4.837e-08   1.26e-07      0.384      0.701   -1.99e-07    2.96e-07
VOL_LAG27     -1.874e-08   1.56e-07     -0.120      0.905   -3.25e-07    2.88e-07
VOL_LAG28     -1.344e-08   1.63e-07     -0.083      0.934   -3.33e-07    3.06e-07
VOL_LAG29      -4.94e-10   1.45e-07     -0.003      0.997   -2.85e-07    2.84e-07
VOL_LAG3       1.249e-07   7.84e-08      1.593      0.111   -2.88e-08    2.78e-07
VOL_LAG30      1.448e-07   9.58e-08      1.512      0.131   -4.29e-08    3.33e-07
VOL_LAG31      2.621e-08   1.46e-07      0.180      0.857   -2.59e-07    3.12e-07
VOL_LAG32       9.24e-09   1.53e-07      0.061      0.952    -2.9e-07    3.08e-07
VOL_LAG33      -5.93e-08   1.77e-07     -0.335      0.738   -4.06e-07    2.88e-07
VOL_LAG34     -2.098e-08    1.7e-07     -0.124      0.902   -3.53e-07    3.11e-07
VOL_LAG35     -1.727e-08   1.64e-07     -0.105      0.916   -3.39e-07    3.04e-07
VOL_LAG36      1.026e-07   1.11e-07      0.921      0.357   -1.16e-07    3.21e-07
VOL_LAG37      2.412e-08    1.3e-07      0.186      0.852    -2.3e-07    2.78e-07
VOL_LAG38      1.044e-07   1.07e-07      0.977      0.328   -1.05e-07    3.14e-07
VOL_LAG39     -7.394e-08   1.98e-07     -0.374      0.709   -4.62e-07    3.14e-07
VOL_LAG4        7.51e-08   8.79e-08      0.854      0.393   -9.73e-08    2.47e-07
VOL_LAG40     -2.179e-08   1.55e-07     -0.140      0.888   -3.26e-07    2.83e-07
VOL_LAG41      1.153e-07   1.13e-07      1.021      0.307   -1.06e-07    3.36e-07
VOL_LAG42     -1.147e-07   2.12e-07     -0.542      0.588    -5.3e-07       3e-07
VOL_LAG43      1.649e-07   9.22e-08      1.789      0.074   -1.58e-08    3.46e-07
VOL_LAG44     -3.544e-08   1.79e-07     -0.198      0.843   -3.86e-07    3.15e-07
VOL_LAG45     -1.665e-07   2.44e-07     -0.682      0.495   -6.45e-07    3.12e-07
VOL_LAG46      1.175e-08   1.49e-07      0.079      0.937   -2.81e-07    3.05e-07
VOL_LAG47      1.363e-07   1.05e-07      1.298      0.194   -6.95e-08    3.42e-07
VOL_LAG48      1.125e-07   1.06e-07      1.062      0.288   -9.52e-08     3.2e-07
VOL_LAG49     -6.197e-08   1.82e-07     -0.340      0.734   -4.19e-07    2.95e-07
VOL_LAG5       8.355e-08   8.81e-08      0.949      0.343    -8.9e-08    2.56e-07
VOL_LAG50      4.362e-09   1.49e-07      0.029      0.977   -2.88e-07    2.97e-07
VOL_LAG51      1.073e-08   1.48e-07      0.073      0.942   -2.79e-07       3e-07
VOL_LAG52      1.463e-07   1.04e-07      1.404      0.160   -5.79e-08     3.5e-07
VOL_LAG53     -1.086e-07   2.11e-07     -0.515      0.606   -5.21e-07    3.04e-07
VOL_LAG54      1.198e-07   1.01e-07      1.189      0.235   -7.78e-08    3.17e-07
VOL_LAG55      8.611e-08   1.15e-07      0.752      0.452   -1.38e-07    3.11e-07
VOL_LAG56       8.67e-08   1.12e-07      0.774      0.439   -1.33e-07    3.06e-07
VOL_LAG57      3.851e-08   1.31e-07      0.294      0.769   -2.19e-07    2.96e-07
VOL_LAG58      2.795e-08   1.54e-07      0.181      0.856   -2.75e-07    3.31e-07
VOL_LAG59      1.305e-08   1.49e-07      0.087      0.930    -2.8e-07    3.06e-07
VOL_LAG6       1.032e-07    8.5e-08      1.214      0.225   -6.34e-08     2.7e-07
VOL_LAG60      1.798e-07   9.03e-08      1.991      0.047    2.77e-09    3.57e-07
VOL_LAG61      8.897e-08    1.4e-07      0.637      0.524   -1.85e-07    3.63e-07
VOL_LAG62     -1.242e-07   2.23e-07     -0.557      0.577   -5.61e-07    3.13e-07
VOL_LAG63      9.062e-09   1.73e-07      0.052      0.958   -3.29e-07    3.47e-07
VOL_LAG64      -1.09e-07   2.27e-07     -0.480      0.632   -5.54e-07    3.36e-07
VOL_LAG65     -2.416e-08   1.75e-07     -0.138      0.890   -3.68e-07     3.2e-07
VOL_LAG66      9.959e-08   1.22e-07      0.816      0.414    -1.4e-07    3.39e-07
VOL_LAG67      1.707e-07   1.14e-07      1.491      0.136   -5.37e-08    3.95e-07
VOL_LAG68     -2.921e-07   2.88e-07     -1.015      0.310   -8.56e-07    2.72e-07
VOL_LAG69     -2.223e-08   1.89e-07     -0.117      0.906   -3.93e-07    3.49e-07
VOL_LAG7       8.987e-08   9.06e-08      0.992      0.321   -8.77e-08    2.67e-07
VOL_LAG70     -1.595e-08   2.02e-07     -0.079      0.937   -4.11e-07    3.79e-07
VOL_LAG71     -3.193e-07   2.83e-07     -1.127      0.260   -8.75e-07    2.36e-07
VOL_LAG72      5.861e-09   1.64e-07      0.036      0.971   -3.15e-07    3.27e-07
VOL_LAG73      1.108e-07   1.23e-07      0.899      0.368   -1.31e-07    3.52e-07
VOL_LAG74      6.897e-09   1.84e-07      0.038      0.970   -3.53e-07    3.67e-07
VOL_LAG75     -4.031e-07   2.91e-07     -1.386      0.166   -9.73e-07    1.67e-07
VOL_LAG76     -1.719e-08   1.77e-07     -0.097      0.923   -3.64e-07     3.3e-07
VOL_LAG77      1.159e-07   1.35e-07      0.855      0.392    -1.5e-07    3.81e-07
VOL_LAG78     -6.962e-08   2.07e-07     -0.336      0.737   -4.76e-07    3.37e-07
VOL_LAG79     -1.522e-07   2.33e-07     -0.653      0.514   -6.09e-07    3.05e-07
VOL_LAG8       6.822e-08   9.43e-08      0.724      0.469   -1.17e-07    2.53e-07
VOL_LAG80      1.468e-07    1.1e-07      1.328      0.184   -6.98e-08    3.63e-07
VOL_LAG81     -4.499e-09   1.79e-07     -0.025      0.980   -3.56e-07    3.47e-07
VOL_LAG82     -1.143e-07   2.35e-07     -0.487      0.626   -5.74e-07    3.46e-07
VOL_LAG83      2.542e-08   1.57e-07      0.161      0.872   -2.83e-07    3.34e-07
VOL_LAG84      8.619e-08   1.32e-07      0.655      0.512   -1.72e-07    3.44e-07
VOL_LAG85      4.927e-08   1.73e-07      0.284      0.776    -2.9e-07    3.89e-07
VOL_LAG86     -3.783e-07   3.25e-07     -1.164      0.244   -1.02e-06    2.59e-07
VOL_LAG87     -1.834e-07   2.64e-07     -0.695      0.487   -7.01e-07    3.34e-07
VOL_LAG88     -1.598e-07   2.48e-07     -0.645      0.519   -6.45e-07    3.25e-07
VOL_LAG89      7.944e-08   1.42e-07      0.561      0.575   -1.98e-07    3.57e-07
VOL_LAG9       1.247e-07   8.25e-08      1.511      0.131    -3.7e-08    2.86e-07
VOL_LAG90     -1.281e-08   1.83e-07     -0.070      0.944   -3.71e-07    3.46e-07
VOL_LAG91     -6.027e-08   2.16e-07     -0.279      0.780   -4.84e-07    3.64e-07
VOL_LAG92     -2.372e-07   3.13e-07     -0.757      0.449   -8.52e-07    3.77e-07
VOL_LAG93      5.251e-08   1.58e-07      0.331      0.740   -2.58e-07    3.63e-07
VOL_LAG94      5.018e-09   1.98e-07      0.025      0.980   -3.84e-07    3.94e-07
VOL_LAG95     -2.132e-08   2.03e-07     -0.105      0.916   -4.19e-07    3.77e-07
VOL_LAG96     -4.864e-08   2.16e-07     -0.226      0.821   -4.71e-07    3.74e-07
VOL_LAG97     -2.143e-07   3.59e-07     -0.598      0.550   -9.17e-07    4.88e-07
VOL_LAG98     -4.078e-07   4.05e-07     -1.007      0.314    -1.2e-06    3.86e-07
VOL_LAG99      -1.38e-07   2.58e-07     -0.535      0.593   -6.43e-07    3.67e-07
=================================================================================