                 Generalized Linear Model Regression Results                  
==============================================================================
Dep. Variable:                      Y   No. Observations:                15508
Model:                            GLM   Df Residuals:                    15267
Model Family:                Binomial   Df Model:                          240
Link Function:                  Logit   Scale:                          1.0000
Method:                          IRLS   Log-Likelihood:                -2780.4
Date:                Sun, 17 Mar 2024   Deviance:                       5560.8
Time:                        18:47:56   Pearson chi2:                 1.47e+04
No. Iterations:                     7   Pseudo R-squ. (CS):            0.05723
Covariance Type:            nonrobust                                         
===============================================================================
                  coef    std err          z      P>|z|      [0.025      0.975]
-------------------------------------------------------------------------------
Intercept      -3.8354      0.066    -58.342      0.000      -3.964      -3.707
RET_LAG1      115.8276     36.587      3.166      0.002      44.119     187.536
RET_LAG10      40.5254     36.032      1.125      0.261     -30.097     111.147
RET_LAG100    -55.0141     44.194     -1.245      0.213    -141.632      31.604
RET_LAG101    -37.7427     43.787     -0.862      0.389    -123.564      48.079
RET_LAG102    -37.9945     44.393     -0.856      0.392    -125.002      49.014
RET_LAG103      3.0164     42.555      0.071      0.943     -80.390      86.423
RET_LAG104    -48.0396     43.762     -1.098      0.272    -133.811      37.732
RET_LAG105     34.6405     43.966      0.788      0.431     -51.531     120.812
RET_LAG106     37.6673     42.872      0.879      0.380     -46.359     121.694
RET_LAG107     38.1744     42.485      0.899      0.369     -45.095     121.444
RET_LAG108     88.1144     41.566      2.120      0.034       6.646     169.583
RET_LAG109    -25.2739     43.698     -0.578      0.563    -110.921      60.373
RET_LAG11      -4.8469     36.803     -0.132      0.895     -76.979      67.285
RET_LAG110     49.4105     41.891      1.180      0.238     -32.693     131.514
RET_LAG111     51.9825     40.479      1.284      0.199     -27.355     131.320
RET_LAG112     43.9965     40.679      1.082      0.279     -35.733     123.726
RET_LAG113     16.5695     40.912      0.405      0.685     -63.617      96.756
RET_LAG114     30.7530     40.060      0.768      0.443     -47.764     109.270
RET_LAG115      7.8103     42.195      0.185      0.853     -74.890      90.510
RET_LAG116   -101.0634     44.540     -2.269      0.023    -188.361     -13.766
RET_LAG117     44.5482     41.828      1.065      0.287     -37.433     126.529
RET_LAG118     29.1357     41.063      0.710      0.478     -51.346     109.618
RET_LAG119    -67.4236     43.543     -1.548      0.122    -152.766      17.918
RET_LAG12      11.2025     37.881      0.296      0.767     -63.043      85.448
RET_LAG120    -42.5507     43.044     -0.989      0.323    -126.915      41.814
RET_LAG13      62.6501     36.140      1.734      0.083      -8.183     133.484
RET_LAG14      31.0252     36.688      0.846      0.398     -40.883     102.933
RET_LAG15      29.4423     37.386      0.788      0.431     -43.833     102.718
RET_LAG16      70.1227     36.162      1.939      0.052      -0.754     140.999
RET_LAG17      47.2372     36.059      1.310      0.190     -23.436     117.911
RET_LAG18      32.9216     35.618      0.924      0.355     -36.888     102.732
RET_LAG19       6.2678     36.505      0.172      0.864     -65.281      77.817
RET_LAG2       40.0289     38.472      1.040      0.298     -35.375     115.433
RET_LAG20      57.2652     35.554      1.611      0.107     -12.420     126.950
RET_LAG21     -13.6697     37.314     -0.366      0.714     -86.804      59.464
RET_LAG22     -10.1209     36.575     -0.277      0.782     -81.807      61.565
RET_LAG23      98.2427     35.204      2.791      0.005      29.243     167.242
RET_LAG24       1.5841     36.716      0.043      0.966     -70.378      73.546
RET_LAG25       6.9699     36.219      0.192      0.847     -64.018      77.958
RET_LAG26     -27.9431     37.102     -0.753      0.451    -100.662      44.776
RET_LAG27      59.4580     35.775      1.662      0.097     -10.660     129.576
RET_LAG28      -6.6899     37.037     -0.181      0.857     -79.282      65.902
RET_LAG29      31.1206     37.011      0.841      0.400     -41.421     103.662
RET_LAG3       63.1470     37.868      1.668      0.095     -11.073     137.367
RET_LAG30      47.2687     36.122      1.309      0.191     -23.530     118.067
RET_LAG31      61.3763     37.017      1.658      0.097     -11.175     133.928
RET_LAG32      -2.5950     37.219     -0.070      0.944     -75.543      70.353
RET_LAG33      63.9143     36.324      1.760      0.078      -7.279     135.107
RET_LAG34    -106.9497     39.864     -2.683      0.007    -185.081     -28.818
RET_LAG35     -10.7564     38.401     -0.280      0.779     -86.022      64.509
RET_LAG36      61.7216     36.809      1.677      0.094     -10.423     133.867
RET_LAG37      -9.6486     38.142     -0.253      0.800     -84.406      65.109
RET_LAG38      98.6338     35.565      2.773      0.006      28.928     168.340
RET_LAG39      39.6858     36.323      1.093      0.275     -31.506     110.878
RET_LAG4       94.7127     36.898      2.567      0.010      22.395     167.031
RET_LAG40     -26.7424     38.317     -0.698      0.485    -101.842      48.357
RET_LAG41      14.7046     37.851      0.388      0.698     -59.482      88.891
RET_LAG42     -24.9960     38.449     -0.650      0.516    -100.354      50.362
RET_LAG43      30.6739     37.691      0.814      0.416     -43.199     104.547
RET_LAG44     -36.4173     39.535     -0.921      0.357    -113.904      41.070
RET_LAG45     -34.5861     38.665     -0.894      0.371    -110.369      41.197
RET_LAG46      -9.9022     38.625     -0.256      0.798     -85.606      65.802
RET_LAG47     -27.3487     39.865     -0.686      0.493    -105.482      50.784
RET_LAG48      -8.5544     38.779     -0.221      0.825     -84.560      67.451
RET_LAG49      56.5211     38.302      1.476      0.140     -18.549     131.592
RET_LAG5       86.9641     36.645      2.373      0.018      15.140     158.788
RET_LAG50     -65.9595     41.026     -1.608      0.108    -146.369      14.450
RET_LAG51      37.5662     38.701      0.971      0.332     -38.286     113.419
RET_LAG52      -0.1534     39.024     -0.004      0.997     -76.640      76.333
RET_LAG53     -38.2447     40.060     -0.955      0.340    -116.761      40.272
RET_LAG54      52.0106     37.917      1.372      0.170     -22.305     126.326
RET_LAG55      23.1732     37.661      0.615      0.538     -50.641      96.987
RET_LAG56     -35.7042     40.803     -0.875      0.382    -115.677      44.269
RET_LAG57      33.8059     39.118      0.864      0.387     -42.864     110.476
RET_LAG58      30.9118     39.116      0.790      0.429     -45.755     107.578
RET_LAG59     -13.3121     40.130     -0.332      0.740     -91.965      65.341
RET_LAG6       30.0224     37.188      0.807      0.419     -42.864     102.909
RET_LAG60     141.1092     36.856      3.829      0.000      68.873     213.346
RET_LAG61     -62.1893     39.979     -1.556      0.120    -140.546      16.168
RET_LAG62      -2.6462     39.740     -0.067      0.947     -80.535      75.242
RET_LAG63       1.4298     39.485      0.036      0.971     -75.959      78.818
RET_LAG64      40.2842     38.249      1.053      0.292     -34.683     115.252
RET_LAG65       4.4995     39.462      0.114      0.909     -72.844      81.843
RET_LAG66      -1.2397     39.873     -0.031      0.975     -79.390      76.910
RET_LAG67       2.2443     39.519      0.057      0.955     -75.211      79.700
RET_LAG68      87.1438     36.673      2.376      0.017      15.266     159.022
RET_LAG69     -20.8039     39.607     -0.525      0.599     -98.432      56.824
RET_LAG7       39.3392     36.700      1.072      0.284     -32.591     111.269
RET_LAG70     -10.6041     40.264     -0.263      0.792     -89.519      68.311
RET_LAG71      32.8374     39.017      0.842      0.400     -43.635     109.309
RET_LAG72      14.4773     39.587      0.366      0.715     -63.112      92.067
RET_LAG73     -38.2934     40.727     -0.940      0.347    -118.118      41.531
RET_LAG74       4.7748     39.747      0.120      0.904     -73.127      82.677
RET_LAG75       1.4496     40.268      0.036      0.971     -77.475      80.374
RET_LAG76      16.7394     40.443      0.414      0.679     -62.528      96.007
RET_LAG77     -30.2842     39.971     -0.758      0.449    -108.625      48.057
RET_LAG78     -44.3197     42.193     -1.050      0.294    -127.017      38.377
RET_LAG79     -27.7987     41.688     -0.667      0.505    -109.505      53.908
RET_LAG8      131.3270     34.845      3.769      0.000      63.032     199.622
RET_LAG80     -29.1407     42.419     -0.687      0.492    -112.281      54.000
RET_LAG81      -0.5559     41.813     -0.013      0.989     -82.508      81.396
RET_LAG82     -41.7772     42.740     -0.977      0.328    -125.547      41.993
RET_LAG83     -28.0769     42.870     -0.655      0.513    -112.100      55.946
RET_LAG84      51.6690     42.482      1.216      0.224     -31.595     134.933
RET_LAG85      21.9936     41.678      0.528      0.598     -59.693     103.680
RET_LAG86      36.0554     40.448      0.891      0.373     -43.222     115.333
RET_LAG87      -3.0902     42.912     -0.072      0.943     -87.197      81.016
RET_LAG88      22.8777     42.049      0.544      0.586     -59.536     105.291
RET_LAG89      10.4199     41.617      0.250      0.802     -71.147      91.987
RET_LAG9       51.1033     35.474      1.441      0.150     -18.424     120.631
RET_LAG90      21.6517     41.550      0.521      0.602     -59.785     103.089
RET_LAG91      60.2305     40.929      1.472      0.141     -19.989     140.450
RET_LAG92      -2.5301     42.269     -0.060      0.952     -85.376      80.316
RET_LAG93      -5.3674     43.881     -0.122      0.903     -91.372      80.637
RET_LAG94      22.1049     42.151      0.524      0.600     -60.509     104.719
RET_LAG95      43.3181     43.355      0.999      0.318     -41.656     128.292
RET_LAG96      37.7831     41.966      0.900      0.368     -44.468     120.034
RET_LAG97      20.0575     42.182      0.475      0.634     -62.619     102.733
RET_LAG98     -29.3116     42.362     -0.692      0.489    -112.339      53.716
RET_LAG99     -29.6087     43.377     -0.683      0.495    -114.626      55.408
VIOL_LAG1       0.9934      0.150      6.637      0.000       0.700       1.287
VIOL_LAG10      0.3086      0.163      1.891      0.059      -0.011       0.628
VIOL_LAG100    -0.2027      0.202     -1.004      0.315      -0.598       0.193
VIOL_LAG101    -0.1706      0.205     -0.834      0.404      -0.572       0.230
VIOL_LAG102    -0.2332      0.204     -1.143      0.253      -0.633       0.167
VIOL_LAG103     0.1165      0.194      0.601      0.548      -0.263       0.496
VIOL_LAG104    -0.3226      0.207     -1.555      0.120      -0.729       0.084
VIOL_LAG105     0.0773      0.200      0.386      0.700      -0.315       0.470
VIOL_LAG106     0.3262      0.190      1.717      0.086      -0.046       0.699
VIOL_LAG107     0.1179      0.196      0.602      0.547      -0.266       0.502
VIOL_LAG108    -0.0397      0.209     -0.190      0.849      -0.449       0.370
VIOL_LAG109    -0.2514      0.204     -1.233      0.217      -0.651       0.148
VIOL_LAG11     -0.0920      0.173     -0.533      0.594      -0.430       0.246
VIOL_LAG110     0.4862      0.185      2.625      0.009       0.123       0.849
VIOL_LAG111     0.2172      0.193      1.122      0.262      -0.162       0.596
VIOL_LAG112     0.3149      0.187      1.685      0.092      -0.051       0.681
VIOL_LAG113     0.1545      0.190      0.812      0.417      -0.218       0.527
VIOL_LAG114     0.0406      0.195      0.208      0.835      -0.342       0.423
VIOL_LAG115    -0.2613      0.207     -1.264      0.206      -0.666       0.144
VIOL_LAG116    -0.1676      0.201     -0.834      0.404      -0.561       0.226
VIOL_LAG117    -0.0130      0.203     -0.064      0.949      -0.411       0.385
VIOL_LAG118     0.0110      0.200      0.055      0.956      -0.380       0.402
VIOL_LAG119    -0.2896      0.205     -1.412      0.158      -0.692       0.112
VIOL_LAG12      0.1914      0.168      1.137      0.256      -0.139       0.521
VIOL_LAG120     0.1700      0.189      0.900      0.368      -0.200       0.540
VIOL_LAG13      0.2614      0.166      1.574      0.115      -0.064       0.587
VIOL_LAG14      0.2516      0.166      1.518      0.129      -0.073       0.576
VIOL_LAG15      0.1906      0.168      1.135      0.256      -0.139       0.520
VIOL_LAG16      0.2495      0.167      1.492      0.136      -0.078       0.577
VIOL_LAG17      0.4319      0.162      2.664      0.008       0.114       0.750
VIOL_LAG18      0.4322      0.161      2.680      0.007       0.116       0.748
VIOL_LAG19      0.1341      0.167      0.802      0.423      -0.194       0.462
VIOL_LAG2       0.5415      0.159      3.403      0.001       0.230       0.853
VIOL_LAG20      0.4950      0.161      3.078      0.002       0.180       0.810
VIOL_LAG21     -0.0267      0.172     -0.155      0.877      -0.364       0.310
VIOL_LAG22     -0.1518      0.174     -0.874      0.382      -0.492       0.189
VIOL_LAG23      0.1902      0.171      1.111      0.266      -0.145       0.526
VIOL_LAG24     -0.0709      0.175     -0.405      0.686      -0.414       0.273
VIOL_LAG25     -0.0692      0.177     -0.390      0.696      -0.416       0.278
VIOL_LAG26     -0.0758      0.176     -0.432      0.666      -0.420       0.269
VIOL_LAG27      0.0686      0.174      0.394      0.694      -0.273       0.410
VIOL_LAG28      0.0260      0.176      0.148      0.882      -0.318       0.370
VIOL_LAG29      0.3451      0.169      2.047      0.041       0.015       0.676
VIOL_LAG3       0.7538      0.154      4.888      0.000       0.452       1.056
VIOL_LAG30      0.0808      0.176      0.460      0.646      -0.264       0.425
VIOL_LAG31      0.3832      0.169      2.273      0.023       0.053       0.714
VIOL_LAG32      0.2133      0.169      1.260      0.208      -0.118       0.545
VIOL_LAG33      0.2200      0.173      1.270      0.204      -0.120       0.560
VIOL_LAG34     -0.3940      0.184     -2.137      0.033      -0.755      -0.033
VIOL_LAG35     -0.1025      0.179     -0.571      0.568      -0.454       0.249
VIOL_LAG36      0.3266      0.172      1.899      0.058      -0.011       0.664
VIOL_LAG37      0.0656      0.175      0.375      0.707      -0.277       0.408
VIOL_LAG38      0.5176      0.166      3.117      0.002       0.192       0.843
VIOL_LAG39      0.0978      0.174      0.562      0.574      -0.243       0.439
VIOL_LAG4       0.5959      0.158      3.771      0.000       0.286       0.906
VIOL_LAG40     -0.5007      0.194     -2.575      0.010      -0.882      -0.120
VIOL_LAG41      0.5262      0.165      3.190      0.001       0.203       0.850
VIOL_LAG42      0.0394      0.179      0.221      0.825      -0.311       0.389
VIOL_LAG43     -0.2589      0.191     -1.353      0.176      -0.634       0.116
VIOL_LAG44      0.0592      0.177      0.334      0.738      -0.288       0.406
VIOL_LAG45     -0.0890      0.182     -0.490      0.624      -0.445       0.267
VIOL_LAG46     -0.0130      0.182     -0.071      0.943      -0.369       0.343
VIOL_LAG47     -0.1877      0.187     -1.002      0.316      -0.555       0.179
VIOL_LAG48     -0.0644      0.184     -0.351      0.726      -0.424       0.295
VIOL_LAG49      0.0404      0.184      0.220      0.826      -0.320       0.401
VIOL_LAG5       0.6179      0.157      3.936      0.000       0.310       0.926
VIOL_LAG50      0.0662      0.179      0.371      0.711      -0.284       0.417
VIOL_LAG51      0.2044      0.178      1.151      0.250      -0.144       0.552
VIOL_LAG52      0.1279      0.179      0.713      0.476      -0.224       0.480
VIOL_LAG53     -0.1032      0.183     -0.563      0.573      -0.462       0.256
VIOL_LAG54      0.0750      0.182      0.412      0.680      -0.282       0.432
VIOL_LAG55      0.0358      0.182      0.196      0.844      -0.322       0.393
VIOL_LAG56     -0.0723      0.184     -0.392      0.695      -0.433       0.289
VIOL_LAG57      0.1230      0.182      0.674      0.500      -0.235       0.481
VIOL_LAG58      0.0404      0.186      0.217      0.828      -0.324       0.405
VIOL_LAG59      0.1934      0.178      1.084      0.278      -0.156       0.543
VIOL_LAG6       0.4184      0.159      2.624      0.009       0.106       0.731
VIOL_LAG60      0.2795      0.184      1.518      0.129      -0.081       0.640
VIOL_LAG61     -0.2341      0.190     -1.230      0.219      -0.607       0.139
VIOL_LAG62     -0.0747      0.189     -0.395      0.693      -0.445       0.296
VIOL_LAG63      0.2260      0.182      1.241      0.215      -0.131       0.583
VIOL_LAG64      0.1199      0.185      0.648      0.517      -0.242       0.482
VIOL_LAG65      0.0446      0.188      0.237      0.812      -0.324       0.413
VIOL_LAG66      0.0110      0.186      0.059      0.953      -0.354       0.376
VIOL_LAG67      0.2050      0.181      1.134      0.257      -0.149       0.560
VIOL_LAG68      0.3525      0.177      1.992      0.046       0.006       0.699
VIOL_LAG69     -0.0020      0.185     -0.011      0.991      -0.364       0.360
VIOL_LAG7       0.4617      0.160      2.894      0.004       0.149       0.774
VIOL_LAG70     -0.2452      0.193     -1.272      0.203      -0.623       0.133
VIOL_LAG71      0.1812      0.184      0.985      0.325      -0.179       0.542
VIOL_LAG72      0.0531      0.187      0.284      0.776      -0.313       0.419
VIOL_LAG73     -0.1012      0.191     -0.531      0.596      -0.475       0.272
VIOL_LAG74      0.0045      0.189      0.024      0.981      -0.366       0.375
VIOL_LAG75     -0.0500      0.192     -0.260      0.795      -0.426       0.327
VIOL_LAG76      0.1639      0.188      0.874      0.382      -0.204       0.531
VIOL_LAG77     -0.0242      0.190     -0.128      0.898      -0.396       0.348
VIOL_LAG78     -0.2380      0.200     -1.190      0.234      -0.630       0.154
VIOL_LAG79     -0.2718      0.200     -1.360      0.174      -0.664       0.120
VIOL_LAG8       0.3953      0.164      2.412      0.016       0.074       0.717
VIOL_LAG80     -0.1316      0.199     -0.662      0.508      -0.521       0.258
VIOL_LAG81      0.0607      0.193      0.315      0.753      -0.317       0.438
VIOL_LAG82     -0.2051      0.198     -1.036      0.300      -0.593       0.183
VIOL_LAG83     -0.0427      0.195     -0.219      0.826      -0.424       0.339
VIOL_LAG84      0.3642      0.189      1.924      0.054      -0.007       0.735
VIOL_LAG85      0.1289      0.192      0.673      0.501      -0.247       0.504
VIOL_LAG86     -0.2399      0.207     -1.159      0.247      -0.646       0.166
VIOL_LAG87     -0.3906      0.211     -1.849      0.065      -0.805       0.024
VIOL_LAG88     -0.0450      0.198     -0.227      0.820      -0.433       0.344
VIOL_LAG89     -0.0566      0.200     -0.283      0.777      -0.448       0.335
VIOL_LAG9       0.4112      0.159      2.579      0.010       0.099       0.724
VIOL_LAG90      0.3424      0.185      1.849      0.064      -0.021       0.705
VIOL_LAG91     -0.1033      0.203     -0.509      0.611      -0.501       0.295
VIOL_LAG92     -0.0701      0.198     -0.354      0.723      -0.458       0.318
VIOL_LAG93     -0.1052      0.201     -0.524      0.600      -0.498       0.288
VIOL_LAG94      0.0781      0.194      0.402      0.688      -0.303       0.459
VIOL_LAG95      0.0789      0.197      0.400      0.689      -0.308       0.466
VIOL_LAG96      0.1772      0.193      0.920      0.358      -0.200       0.555
VIOL_LAG97      0.2369      0.188      1.258      0.208      -0.132       0.606
VIOL_LAG98     -0.3165      0.205     -1.545      0.122      -0.718       0.085
VIOL_LAG99      0.0291      0.194      0.150      0.881      -0.351       0.410
===============================================================================