                 Generalized Linear Model Regression Results                  
==============================================================================
Dep. Variable:                      Y   No. Observations:                15508
Model:                            GLM   Df Residuals:                    15147
Model Family:                Binomial   Df Model:                          360
Link Function:                  Logit   Scale:                          1.0000
Method:                          IRLS   Log-Likelihood:                -2692.1
Date:                Sun, 17 Mar 2024   Deviance:                       5384.2
Time:                        19:26:31   Pearson chi2:                 1.46e+04
No. Iterations:                     8   Pseudo R-squ. (CS):            0.06790
Covariance Type:            nonrobust                                         
===============================================================================
                  coef    std err          z      P>|z|      [0.025      0.975]
-------------------------------------------------------------------------------
Intercept      -3.7412      0.073    -51.413      0.000      -3.884      -3.599
RET_LAG1       90.4059     36.430      2.482      0.013      19.005     161.806
RET_LAG10      20.4777     37.077      0.552      0.581     -52.192      93.147
RET_LAG100    -36.7885     45.886     -0.802      0.423    -126.724      53.147
RET_LAG101    -22.3289     45.128     -0.495      0.621    -110.777      66.120
RET_LAG102    -15.1004     46.114     -0.327      0.743    -105.482      75.281
RET_LAG103     14.2859     44.084      0.324      0.746     -72.118     100.690
RET_LAG104    -27.3974     45.561     -0.601      0.548    -116.695      61.901
RET_LAG105     48.1155     45.676      1.053      0.292     -41.407     137.638
RET_LAG106     40.6378     44.374      0.916      0.360     -46.333     127.609
RET_LAG107     58.9624     43.372      1.359      0.174     -26.046     143.971
RET_LAG108    102.8214     42.507      2.419      0.016      19.509     186.134
RET_LAG109    -10.1518     44.415     -0.229      0.819     -97.204      76.900
RET_LAG11      -8.3495     38.253     -0.218      0.827     -83.324      66.625
RET_LAG110     65.5195     43.409      1.509      0.131     -19.561     150.599
RET_LAG111     75.7146     41.601      1.820      0.069      -5.823     157.252
RET_LAG112     67.8779     42.678      1.590      0.112     -15.770     151.526
RET_LAG113     24.8124     42.295      0.587      0.557     -58.084     107.708
RET_LAG114     51.2686     41.252      1.243      0.214     -29.584     132.121
RET_LAG115     33.4496     44.110      0.758      0.448     -53.005     119.904
RET_LAG116    -78.0701     46.539     -1.678      0.093    -169.285      13.145
RET_LAG117     80.5540     45.405      1.774      0.076      -8.437     169.546
RET_LAG118     66.9838     42.845      1.563      0.118     -16.992     150.959
RET_LAG119    -38.9753     45.140     -0.863      0.388    -127.448      49.497
RET_LAG12       9.0239     38.447      0.235      0.814     -66.330      84.378
RET_LAG120    -13.5013     43.312     -0.312      0.755     -98.392      71.389
RET_LAG13      46.4982     37.103      1.253      0.210     -26.222     119.218
RET_LAG14      18.8887     38.012      0.497      0.619     -55.613      93.390
RET_LAG15      24.7394     38.680      0.640      0.522     -51.073     100.552
RET_LAG16      77.4738     38.076      2.035      0.042       2.846     152.101
RET_LAG17      54.7773     38.010      1.441      0.150     -19.721     129.276
RET_LAG18      40.6629     37.029      1.098      0.272     -31.913     113.238
RET_LAG19      10.4174     37.804      0.276      0.783     -63.677      84.512
RET_LAG2       24.0957     38.438      0.627      0.531     -51.241      99.432
RET_LAG20      62.6880     37.062      1.691      0.091      -9.952     135.328
RET_LAG21      -8.9863     38.622     -0.233      0.816     -84.684      66.711
RET_LAG22      -6.9342     37.787     -0.184      0.854     -80.996      67.127
RET_LAG23     109.2796     36.036      3.033      0.002      38.651     179.908
RET_LAG24      -2.5005     38.334     -0.065      0.948     -77.633      72.632
RET_LAG25      13.7824     37.174      0.371      0.711     -59.078      86.643
RET_LAG26     -36.7029     38.469     -0.954      0.340    -112.100      38.694
RET_LAG27      66.7708     38.741      1.724      0.085      -9.160     142.701
RET_LAG28      -3.2308     39.403     -0.082      0.935     -80.460      73.998
RET_LAG29      30.8827     39.015      0.792      0.429     -45.584     107.350
RET_LAG3       54.5435     37.663      1.448      0.148     -19.275     128.362
RET_LAG30      57.5575     38.088      1.511      0.131     -17.094     132.209
RET_LAG31      78.0481     38.807      2.011      0.044       1.988     154.108
RET_LAG32      11.5783     39.169      0.296      0.768     -65.192      88.349
RET_LAG33      80.5841     37.724      2.136      0.033       6.646     154.523
RET_LAG34     -95.0439     40.975     -2.320      0.020    -175.352     -14.735
RET_LAG35      -5.3214     39.309     -0.135      0.892     -82.366      71.723
RET_LAG36      75.9406     37.916      2.003      0.045       1.626     150.255
RET_LAG37       5.2978     39.881      0.133      0.894     -72.867      83.462
RET_LAG38     125.7121     37.429      3.359      0.001      52.353     199.071
RET_LAG39      57.6246     38.048      1.515      0.130     -16.947     132.196
RET_LAG4       70.2951     36.559      1.923      0.055      -1.359     141.949
RET_LAG40     -17.6310     39.865     -0.442      0.658     -95.765      60.503
RET_LAG41      33.6680     40.006      0.842      0.400     -44.743     112.079
RET_LAG42      -8.6433     39.752     -0.217      0.828     -86.556      69.270
RET_LAG43      46.6722     39.448      1.183      0.237     -30.645     123.989
RET_LAG44     -22.7217     40.610     -0.560      0.576    -102.316      56.873
RET_LAG45     -19.7661     39.465     -0.501      0.616     -97.117      57.585
RET_LAG46      -7.6299     40.006     -0.191      0.849     -86.040      70.780
RET_LAG47     -22.1121     41.243     -0.536      0.592    -102.947      58.723
RET_LAG48      -2.2861     39.988     -0.057      0.954     -80.661      76.089
RET_LAG49      64.3921     40.426      1.593      0.111     -14.841     143.625
RET_LAG5       64.3087     36.767      1.749      0.080      -7.754     136.371
RET_LAG50     -61.6955     42.314     -1.458      0.145    -144.630      21.239
RET_LAG51      49.5377     40.162      1.233      0.217     -29.178     128.253
RET_LAG52       4.7482     40.145      0.118      0.906     -73.934      83.430
RET_LAG53     -38.1287     41.163     -0.926      0.354    -118.808      42.550
RET_LAG54      57.1553     39.044      1.464      0.143     -19.369     133.680
RET_LAG55      27.3973     38.212      0.717      0.473     -47.498     102.292
RET_LAG56     -27.9504     41.766     -0.669      0.503    -109.811      53.910
RET_LAG57      48.6881     40.515      1.202      0.229     -30.719     128.096
RET_LAG58      37.3830     39.844      0.938      0.348     -40.710     115.476
RET_LAG59      -7.4064     40.465     -0.183      0.855     -86.716      71.903
RET_LAG6       14.2326     37.104      0.384      0.701     -58.491      86.956
RET_LAG60     143.1974     38.090      3.759      0.000      68.542     217.853
RET_LAG61     -51.3481     41.347     -1.242      0.214    -132.387      29.690
RET_LAG62      10.3847     41.465      0.250      0.802     -70.886      91.655
RET_LAG63      15.0825     40.670      0.371      0.711     -64.628      94.794
RET_LAG64      48.1966     40.611      1.187      0.235     -31.400     127.793
RET_LAG65      14.4254     41.141      0.351      0.726     -66.209      95.059
RET_LAG66       8.0674     40.349      0.200      0.842     -71.015      87.150
RET_LAG67      19.0700     40.708      0.468      0.639     -60.717      98.857
RET_LAG68     105.2638     38.758      2.716      0.007      29.300     181.228
RET_LAG69     -15.3663     40.982     -0.375      0.708     -95.690      64.958
RET_LAG7       17.4603     36.937      0.473      0.636     -54.935      89.855
RET_LAG70      12.6134     41.381      0.305      0.761     -68.492      93.718
RET_LAG71      58.6610     40.706      1.441      0.150     -21.121     138.443
RET_LAG72      31.3877     40.970      0.766      0.444     -48.911     111.687
RET_LAG73     -16.2370     41.934     -0.387      0.699     -98.427      65.953
RET_LAG74      26.5928     40.274      0.660      0.509     -52.342     105.528
RET_LAG75      17.0802     40.148      0.425      0.671     -61.609      95.769
RET_LAG76      29.4407     41.598      0.708      0.479     -52.090     110.971
RET_LAG77     -16.1863     41.570     -0.389      0.697     -97.662      65.289
RET_LAG78     -22.3363     44.403     -0.503      0.615    -109.364      64.692
RET_LAG79     -19.1031     43.101     -0.443      0.658    -103.580      65.373
RET_LAG8      120.8820     35.170      3.437      0.001      51.950     189.814
RET_LAG80     -19.8694     43.504     -0.457      0.648    -105.136      65.397
RET_LAG81      14.5933     43.621      0.335      0.738     -70.902     100.088
RET_LAG82     -30.2071     44.155     -0.684      0.494    -116.750      56.336
RET_LAG83      -8.7230     43.263     -0.202      0.840     -93.518      76.072
RET_LAG84      68.8230     42.736      1.610      0.107     -14.938     152.584
RET_LAG85      40.5369     42.283      0.959      0.338     -42.337     123.411
RET_LAG86      54.1881     41.426      1.308      0.191     -27.005     135.382
RET_LAG87      23.7009     43.724      0.542      0.588     -61.996     109.398
RET_LAG88      41.6712     43.554      0.957      0.339     -43.694     127.036
RET_LAG89      17.2047     42.922      0.401      0.689     -66.921     101.331
RET_LAG9       31.6037     35.887      0.881      0.379     -38.733     101.941
RET_LAG90      44.4764     43.191      1.030      0.303     -40.177     129.130
RET_LAG91      92.2503     43.188      2.136      0.033       7.603     176.898
RET_LAG92      27.3468     43.383      0.630      0.528     -57.683     112.377
RET_LAG93      20.0428     44.755      0.448      0.654     -67.675     107.761
RET_LAG94      39.0900     42.773      0.914      0.361     -44.743     122.923
RET_LAG95      65.6121     43.367      1.513      0.130     -19.386     150.610
RET_LAG96      64.5707     42.302      1.526      0.127     -18.340     147.482
RET_LAG97      61.2889     42.804      1.432      0.152     -22.605     145.183
RET_LAG98       0.3522     44.790      0.008      0.994     -87.434      88.138
RET_LAG99      -5.8636     44.890     -0.131      0.896     -93.846      82.119
VIOL_LAG1       0.8383      0.155      5.423      0.000       0.535       1.141
VIOL_LAG10      0.2100      0.170      1.235      0.217      -0.123       0.543
VIOL_LAG100    -0.1806      0.209     -0.863      0.388      -0.590       0.229
VIOL_LAG101    -0.0952      0.211     -0.452      0.652      -0.509       0.318
VIOL_LAG102    -0.1745      0.212     -0.823      0.410      -0.590       0.241
VIOL_LAG103     0.1696      0.200      0.848      0.396      -0.222       0.562
VIOL_LAG104    -0.2289      0.214     -1.071      0.284      -0.648       0.190
VIOL_LAG105     0.1586      0.207      0.768      0.443      -0.246       0.564
VIOL_LAG106     0.3587      0.197      1.820      0.069      -0.028       0.745
VIOL_LAG107     0.2050      0.201      1.019      0.308      -0.189       0.599
VIOL_LAG108     0.0270      0.215      0.126      0.900      -0.394       0.448
VIOL_LAG109    -0.1748      0.209     -0.836      0.403      -0.585       0.235
VIOL_LAG11     -0.1250      0.181     -0.692      0.489      -0.479       0.229
VIOL_LAG110     0.6125      0.190      3.227      0.001       0.240       0.985
VIOL_LAG111     0.3464      0.199      1.739      0.082      -0.044       0.737
VIOL_LAG112     0.4121      0.195      2.118      0.034       0.031       0.794
VIOL_LAG113     0.2432      0.195      1.245      0.213      -0.140       0.626
VIOL_LAG114     0.1329      0.201      0.660      0.509      -0.262       0.528
VIOL_LAG115    -0.1176      0.213     -0.553      0.580      -0.534       0.299
VIOL_LAG116    -0.0182      0.206     -0.088      0.930      -0.422       0.386
VIOL_LAG117     0.1785      0.211      0.844      0.399      -0.236       0.593
VIOL_LAG118     0.1555      0.206      0.754      0.451      -0.249       0.560
VIOL_LAG119    -0.1894      0.210     -0.901      0.368      -0.602       0.223
VIOL_LAG12      0.1748      0.174      1.004      0.315      -0.166       0.516
VIOL_LAG120     0.3228      0.193      1.671      0.095      -0.056       0.701
VIOL_LAG13      0.1501      0.173      0.866      0.387      -0.190       0.490
VIOL_LAG14      0.1969      0.174      1.134      0.257      -0.143       0.537
VIOL_LAG15      0.1608      0.176      0.916      0.360      -0.183       0.505
VIOL_LAG16      0.2654      0.176      1.510      0.131      -0.079       0.610
VIOL_LAG17      0.4566      0.170      2.681      0.007       0.123       0.790
VIOL_LAG18      0.4631      0.169      2.747      0.006       0.133       0.793
VIOL_LAG19      0.1307      0.174      0.750      0.453      -0.211       0.472
VIOL_LAG2       0.3937      0.165      2.386      0.017       0.070       0.717
VIOL_LAG20      0.4803      0.168      2.856      0.004       0.151       0.810
VIOL_LAG21     -0.0443      0.179     -0.248      0.804      -0.395       0.306
VIOL_LAG22     -0.1434      0.180     -0.795      0.427      -0.497       0.210
VIOL_LAG23      0.1736      0.178      0.976      0.329      -0.175       0.522
VIOL_LAG24     -0.1646      0.184     -0.893      0.372      -0.526       0.197
VIOL_LAG25     -0.0703      0.184     -0.382      0.703      -0.432       0.291
VIOL_LAG26     -0.1386      0.184     -0.755      0.450      -0.498       0.221
VIOL_LAG27      0.0753      0.184      0.410      0.682      -0.285       0.435
VIOL_LAG28      0.0928      0.184      0.504      0.615      -0.268       0.454
VIOL_LAG29      0.3122      0.178      1.754      0.079      -0.037       0.661
VIOL_LAG3       0.6407      0.159      4.021      0.000       0.328       0.953
VIOL_LAG30      0.0908      0.184      0.493      0.622      -0.270       0.452
VIOL_LAG31      0.4505      0.175      2.567      0.010       0.107       0.794
VIOL_LAG32      0.2892      0.177      1.633      0.102      -0.058       0.636
VIOL_LAG33      0.2543      0.181      1.407      0.159      -0.100       0.609
VIOL_LAG34     -0.3184      0.191     -1.669      0.095      -0.692       0.055
VIOL_LAG35     -0.1119      0.186     -0.602      0.547      -0.476       0.252
VIOL_LAG36      0.3908      0.179      2.184      0.029       0.040       0.742
VIOL_LAG37      0.1153      0.182      0.633      0.526      -0.241       0.472
VIOL_LAG38      0.6266      0.174      3.604      0.000       0.286       0.967
VIOL_LAG39      0.1627      0.182      0.896      0.370      -0.193       0.519
VIOL_LAG4       0.4389      0.163      2.690      0.007       0.119       0.759
VIOL_LAG40     -0.5213      0.204     -2.561      0.010      -0.920      -0.122
VIOL_LAG41      0.6040      0.173      3.498      0.000       0.266       0.942
VIOL_LAG42      0.1125      0.186      0.604      0.546      -0.252       0.477
VIOL_LAG43     -0.2601      0.201     -1.296      0.195      -0.653       0.133
VIOL_LAG44      0.1001      0.184      0.544      0.587      -0.261       0.461
VIOL_LAG45     -0.0216      0.188     -0.115      0.909      -0.390       0.347
VIOL_LAG46     -0.0008      0.189     -0.004      0.997      -0.371       0.370
VIOL_LAG47     -0.2182      0.196     -1.113      0.266      -0.602       0.166
VIOL_LAG48     -0.0560      0.191     -0.293      0.770      -0.431       0.319
VIOL_LAG49      0.0434      0.193      0.225      0.822      -0.335       0.421
VIOL_LAG5       0.4784      0.163      2.941      0.003       0.160       0.797
VIOL_LAG50      0.0423      0.187      0.226      0.821      -0.324       0.408
VIOL_LAG51      0.2333      0.186      1.255      0.209      -0.131       0.598
VIOL_LAG52      0.1596      0.187      0.852      0.394      -0.207       0.527
VIOL_LAG53     -0.0885      0.191     -0.464      0.643      -0.463       0.286
VIOL_LAG54      0.0627      0.190      0.330      0.741      -0.310       0.435
VIOL_LAG55      0.0691      0.188      0.367      0.714      -0.300       0.438
VIOL_LAG56     -0.0679      0.191     -0.356      0.722      -0.442       0.306
VIOL_LAG57      0.1895      0.189      1.000      0.317      -0.182       0.561
VIOL_LAG58      0.1003      0.192      0.523      0.601      -0.276       0.476
VIOL_LAG59      0.1878      0.184      1.022      0.307      -0.172       0.548
VIOL_LAG6       0.2887      0.166      1.743      0.081      -0.036       0.613
VIOL_LAG60      0.2611      0.192      1.361      0.174      -0.115       0.637
VIOL_LAG61     -0.1429      0.196     -0.728      0.467      -0.528       0.242
VIOL_LAG62      0.0001      0.197      0.001      1.000      -0.387       0.387
VIOL_LAG63      0.2828      0.190      1.492      0.136      -0.089       0.654
VIOL_LAG64      0.1504      0.193      0.779      0.436      -0.228       0.529
VIOL_LAG65      0.1004      0.195      0.515      0.607      -0.282       0.483
VIOL_LAG66     -0.0038      0.194     -0.020      0.984      -0.383       0.376
VIOL_LAG67      0.2286      0.188      1.214      0.225      -0.140       0.598
VIOL_LAG68      0.4210      0.185      2.276      0.023       0.059       0.784
VIOL_LAG69      0.0163      0.193      0.084      0.933      -0.361       0.394
VIOL_LAG7       0.3436      0.166      2.068      0.039       0.018       0.669
VIOL_LAG70     -0.2175      0.200     -1.086      0.277      -0.610       0.175
VIOL_LAG71      0.2676      0.193      1.390      0.165      -0.110       0.645
VIOL_LAG72      0.0996      0.194      0.514      0.607      -0.280       0.479
VIOL_LAG73     -0.0747      0.198     -0.378      0.705      -0.462       0.313
VIOL_LAG74      0.0673      0.194      0.346      0.729      -0.313       0.448
VIOL_LAG75     -0.0017      0.197     -0.009      0.993      -0.387       0.384
VIOL_LAG76      0.1954      0.194      1.008      0.314      -0.185       0.575
VIOL_LAG77      0.0032      0.199      0.016      0.987      -0.387       0.393
VIOL_LAG78     -0.1321      0.209     -0.633      0.526      -0.541       0.277
VIOL_LAG79     -0.2644      0.207     -1.278      0.201      -0.670       0.141
VIOL_LAG8       0.2999      0.170      1.760      0.078      -0.034       0.634
VIOL_LAG80     -0.1081      0.206     -0.525      0.600      -0.512       0.296
VIOL_LAG81      0.1320      0.200      0.659      0.510      -0.260       0.524
VIOL_LAG82     -0.0894      0.206     -0.434      0.664      -0.493       0.314
VIOL_LAG83      0.0065      0.201      0.032      0.974      -0.387       0.400
VIOL_LAG84      0.4244      0.195      2.181      0.029       0.043       0.806
VIOL_LAG85      0.2375      0.196      1.210      0.226      -0.147       0.622
VIOL_LAG86     -0.1814      0.214     -0.847      0.397      -0.601       0.238
VIOL_LAG87     -0.2841      0.219     -1.297      0.195      -0.713       0.145
VIOL_LAG88      0.0372      0.205      0.181      0.856      -0.365       0.439
VIOL_LAG89     -0.0172      0.207     -0.083      0.934      -0.422       0.388
VIOL_LAG9       0.2918      0.166      1.759      0.079      -0.033       0.617
VIOL_LAG90      0.4028      0.193      2.082      0.037       0.024       0.782
VIOL_LAG91      0.0089      0.211      0.042      0.966      -0.405       0.423
VIOL_LAG92      0.0221      0.205      0.108      0.914      -0.379       0.423
VIOL_LAG93     -0.0578      0.207     -0.279      0.780      -0.463       0.347
VIOL_LAG94      0.1324      0.200      0.664      0.507      -0.259       0.524
VIOL_LAG95      0.1530      0.202      0.757      0.449      -0.243       0.549
VIOL_LAG96      0.2837      0.196      1.446      0.148      -0.101       0.668
VIOL_LAG97      0.3287      0.193      1.700      0.089      -0.050       0.708
VIOL_LAG98     -0.1653      0.211     -0.784      0.433      -0.578       0.248
VIOL_LAG99      0.0816      0.200      0.408      0.683      -0.310       0.474
VOL_LAG1     4.405e-07   9.08e-08      4.850      0.000    2.62e-07    6.19e-07
VOL_LAG10    2.779e-07   1.28e-07      2.169      0.030    2.68e-08    5.29e-07
VOL_LAG100   2.074e-08   2.54e-07      0.082      0.935   -4.78e-07    5.19e-07
VOL_LAG101   1.213e-07    2.1e-07      0.578      0.564    -2.9e-07    5.33e-07
VOL_LAG102  -4.296e-07   4.74e-07     -0.906      0.365   -1.36e-06    4.99e-07
VOL_LAG103   1.546e-07   1.93e-07      0.801      0.423   -2.24e-07    5.33e-07
VOL_LAG104  -1.891e-07   3.69e-07     -0.512      0.608   -9.12e-07    5.34e-07
VOL_LAG105  -1.065e-07    3.4e-07     -0.313      0.754   -7.73e-07     5.6e-07
VOL_LAG106  -3.123e-07   4.32e-07     -0.723      0.470   -1.16e-06    5.35e-07
VOL_LAG107   6.906e-09   2.48e-07      0.028      0.978    -4.8e-07    4.94e-07
VOL_LAG108  -1.111e-08   2.44e-07     -0.046      0.964   -4.89e-07    4.66e-07
VOL_LAG109   2.216e-07   1.53e-07      1.446      0.148   -7.88e-08    5.22e-07
VOL_LAG11   -3.738e-07   3.06e-07     -1.221      0.222   -9.74e-07    2.26e-07
VOL_LAG110   2.794e-08   2.58e-07      0.109      0.914   -4.77e-07    5.33e-07
VOL_LAG111  -2.212e-07   3.43e-07     -0.644      0.520   -8.94e-07    4.52e-07
VOL_LAG112   2.534e-07    1.6e-07      1.587      0.112   -5.95e-08    5.66e-07
VOL_LAG113   -3.12e-07   4.01e-07     -0.777      0.437    -1.1e-06    4.75e-07
VOL_LAG114   2.415e-07   1.58e-07      1.527      0.127   -6.86e-08    5.52e-07
VOL_LAG115  -2.725e-08   2.69e-07     -0.101      0.919   -5.55e-07       5e-07
VOL_LAG116  -4.742e-08   3.78e-07     -0.125      0.900   -7.89e-07    6.94e-07
VOL_LAG117  -1.571e-06   7.55e-07     -2.080      0.037   -3.05e-06   -9.09e-08
VOL_LAG118  -3.071e-07    4.2e-07     -0.732      0.464   -1.13e-06    5.16e-07
VOL_LAG119   7.527e-08   2.15e-07      0.350      0.726   -3.46e-07    4.96e-07
VOL_LAG12    4.409e-08   1.84e-07      0.240      0.810   -3.16e-07    4.04e-07
VOL_LAG120   -8.13e-08   2.73e-07     -0.298      0.766   -6.16e-07    4.53e-07
VOL_LAG13     2.05e-07   1.63e-07      1.258      0.208   -1.14e-07    5.24e-07
VOL_LAG14   -2.017e-07   2.88e-07     -0.700      0.484   -7.66e-07    3.63e-07
VOL_LAG15    7.024e-08   2.02e-07      0.348      0.728   -3.26e-07    4.66e-07
VOL_LAG16   -2.716e-07   3.22e-07     -0.842      0.400   -9.04e-07     3.6e-07
VOL_LAG17   -1.555e-07   2.92e-07     -0.533      0.594   -7.27e-07    4.16e-07
VOL_LAG18    -2.85e-07   3.24e-07     -0.880      0.379    -9.2e-07     3.5e-07
VOL_LAG19    3.595e-08   1.79e-07      0.201      0.841   -3.15e-07    3.87e-07
VOL_LAG2     1.366e-07    1.2e-07      1.137      0.256   -9.89e-08    3.72e-07
VOL_LAG20    3.367e-08   2.32e-07      0.145      0.885   -4.22e-07    4.89e-07
VOL_LAG21     -6.2e-08   2.36e-07     -0.263      0.793   -5.24e-07       4e-07
VOL_LAG22   -1.014e-07   2.53e-07     -0.400      0.689   -5.98e-07    3.95e-07
VOL_LAG23    1.321e-07    1.7e-07      0.775      0.438   -2.02e-07    4.66e-07
VOL_LAG24    1.391e-07    1.7e-07      0.818      0.414   -1.94e-07    4.73e-07
VOL_LAG25   -1.654e-07   2.78e-07     -0.594      0.553   -7.11e-07     3.8e-07
VOL_LAG26    2.664e-07   1.47e-07      1.813      0.070   -2.16e-08    5.54e-07
VOL_LAG27    1.458e-07   1.94e-07      0.750      0.453   -2.35e-07    5.27e-07
VOL_LAG28   -6.262e-07   4.04e-07     -1.551      0.121   -1.42e-06    1.65e-07
VOL_LAG29    -4.22e-07   3.81e-07     -1.108      0.268   -1.17e-06    3.25e-07
VOL_LAG3     3.722e-08   1.63e-07      0.229      0.819   -2.82e-07    3.56e-07
VOL_LAG30    1.796e-07   1.81e-07      0.992      0.321   -1.75e-07    5.34e-07
VOL_LAG31   -2.864e-08   2.44e-07     -0.117      0.906   -5.06e-07    4.49e-07
VOL_LAG32   -9.708e-08   2.73e-07     -0.356      0.722   -6.32e-07    4.38e-07
VOL_LAG33   -1.077e-08   2.51e-07     -0.043      0.966   -5.03e-07    4.81e-07
VOL_LAG34   -4.473e-08   2.54e-07     -0.176      0.860   -5.43e-07    4.54e-07
VOL_LAG35    1.072e-07   2.17e-07      0.493      0.622   -3.19e-07    5.33e-07
VOL_LAG36   -2.082e-07   3.02e-07     -0.689      0.491      -8e-07    3.84e-07
VOL_LAG37    3.201e-07   1.52e-07      2.101      0.036    2.15e-08    6.19e-07
VOL_LAG38   -8.364e-07   4.16e-07     -2.010      0.044   -1.65e-06   -2.09e-08
VOL_LAG39    9.025e-08    1.9e-07      0.474      0.635   -2.83e-07    4.63e-07
VOL_LAG4     2.521e-07   1.07e-07      2.357      0.018    4.25e-08    4.62e-07
VOL_LAG40   -1.675e-07   3.07e-07     -0.546      0.585   -7.69e-07    4.34e-07
VOL_LAG41    8.429e-08   2.07e-07      0.407      0.684   -3.22e-07    4.91e-07
VOL_LAG42   -1.596e-07    3.1e-07     -0.514      0.607   -7.68e-07    4.49e-07
VOL_LAG43   -3.147e-08   2.63e-07     -0.120      0.905   -5.47e-07    4.84e-07
VOL_LAG44   -2.042e-08   2.38e-07     -0.086      0.932   -4.87e-07    4.46e-07
VOL_LAG45    6.182e-08   1.92e-07      0.323      0.747   -3.14e-07    4.38e-07
VOL_LAG46    -1.18e-08   2.29e-07     -0.052      0.959   -4.61e-07    4.37e-07
VOL_LAG47    7.723e-08   2.44e-07      0.317      0.752   -4.01e-07    5.55e-07
VOL_LAG48   -9.424e-08   2.84e-07     -0.332      0.740   -6.51e-07    4.63e-07
VOL_LAG49    4.472e-08   2.26e-07      0.198      0.843   -3.97e-07    4.87e-07
VOL_LAG5     2.591e-07   1.06e-07      2.447      0.014    5.16e-08    4.67e-07
VOL_LAG50   -2.053e-07   3.24e-07     -0.634      0.526    -8.4e-07    4.29e-07
VOL_LAG51    4.923e-08   2.25e-07      0.219      0.827   -3.92e-07     4.9e-07
VOL_LAG52   -3.149e-07   3.68e-07     -0.856      0.392   -1.04e-06    4.06e-07
VOL_LAG53    1.416e-07   2.13e-07      0.666      0.505   -2.75e-07    5.58e-07
VOL_LAG54   -1.242e-07   2.97e-07     -0.419      0.676   -7.06e-07    4.57e-07
VOL_LAG55     1.95e-09   2.14e-07      0.009      0.993   -4.17e-07    4.21e-07
VOL_LAG56    1.793e-07   1.71e-07      1.049      0.294   -1.56e-07    5.14e-07
VOL_LAG57   -4.783e-08   2.69e-07     -0.178      0.859   -5.75e-07    4.79e-07
VOL_LAG58    1.162e-07   2.04e-07      0.569      0.569   -2.84e-07    5.16e-07
VOL_LAG59   -6.315e-08   2.59e-07     -0.244      0.807    -5.7e-07    4.44e-07
VOL_LAG6     1.392e-07    1.4e-07      0.995      0.320   -1.35e-07    4.13e-07
VOL_LAG60     2.56e-07   1.38e-07      1.860      0.063   -1.38e-08    5.26e-07
VOL_LAG61    2.974e-07   1.63e-07      1.830      0.067   -2.11e-08    6.16e-07
VOL_LAG62   -6.215e-07   4.64e-07     -1.338      0.181   -1.53e-06    2.89e-07
VOL_LAG63    -2.41e-07   3.46e-07     -0.696      0.487    -9.2e-07    4.38e-07
VOL_LAG64    7.467e-08   2.51e-07      0.297      0.766   -4.18e-07    5.67e-07
VOL_LAG65   -4.229e-07   3.66e-07     -1.156      0.248   -1.14e-06    2.94e-07
VOL_LAG66    1.073e-07   2.01e-07      0.533      0.594   -2.87e-07    5.02e-07
VOL_LAG67    4.354e-08   2.42e-07      0.180      0.857   -4.31e-07    5.18e-07
VOL_LAG68    5.784e-08   2.44e-07      0.237      0.812    -4.2e-07    5.35e-07
VOL_LAG69   -2.402e-07   3.41e-07     -0.704      0.482   -9.09e-07    4.29e-07
VOL_LAG7     2.041e-07   1.32e-07      1.550      0.121    -5.4e-08    4.62e-07
VOL_LAG70    2.926e-08   2.83e-07      0.103      0.918   -5.26e-07    5.85e-07
VOL_LAG71   -7.242e-07    5.1e-07     -1.420      0.156   -1.72e-06    2.75e-07
VOL_LAG72    3.028e-08   2.32e-07      0.130      0.896   -4.25e-07    4.85e-07
VOL_LAG73    1.365e-07   1.98e-07      0.689      0.491   -2.52e-07    5.25e-07
VOL_LAG74     9.08e-08   2.04e-07      0.445      0.656   -3.09e-07     4.9e-07
VOL_LAG75    6.642e-08    2.1e-07      0.317      0.752   -3.45e-07    4.78e-07
VOL_LAG76    1.167e-07   1.73e-07      0.675      0.500   -2.22e-07    4.55e-07
VOL_LAG77     1.89e-07   2.31e-07      0.819      0.413   -2.63e-07    6.42e-07
VOL_LAG78   -6.805e-07    5.1e-07     -1.335      0.182   -1.68e-06    3.18e-07
VOL_LAG79   -1.608e-07   3.42e-07     -0.471      0.638    -8.3e-07    5.09e-07
VOL_LAG8     4.202e-08   1.61e-07      0.261      0.794   -2.73e-07    3.57e-07
VOL_LAG80    2.347e-07   1.69e-07      1.392      0.164   -9.57e-08    5.65e-07
VOL_LAG81   -2.038e-07   3.71e-07     -0.549      0.583   -9.32e-07    5.24e-07
VOL_LAG82   -3.404e-07   4.09e-07     -0.832      0.405   -1.14e-06    4.61e-07
VOL_LAG83    1.711e-07   1.69e-07      1.015      0.310   -1.59e-07    5.01e-07
VOL_LAG84    3.219e-07   1.23e-07      2.612      0.009    8.04e-08    5.63e-07
VOL_LAG85   -1.078e-07   2.76e-07     -0.391      0.696   -6.48e-07    4.32e-07
VOL_LAG86    1.738e-07   1.85e-07      0.941      0.347   -1.88e-07    5.36e-07
VOL_LAG87   -8.781e-08   3.27e-07     -0.268      0.788   -7.29e-07    5.54e-07
VOL_LAG88   -2.705e-07   4.03e-07     -0.671      0.502   -1.06e-06     5.2e-07
VOL_LAG89     2.28e-07   1.82e-07      1.256      0.209   -1.28e-07    5.84e-07
VOL_LAG9     1.345e-07   1.41e-07      0.954      0.340   -1.42e-07    4.11e-07
VOL_LAG90     -9.1e-08   3.14e-07     -0.290      0.772   -7.07e-07    5.25e-07
VOL_LAG91   -2.717e-07   4.07e-07     -0.668      0.504   -1.07e-06    5.26e-07
VOL_LAG92   -4.364e-07   4.56e-07     -0.956      0.339   -1.33e-06    4.58e-07
VOL_LAG93   -6.126e-08   3.12e-07     -0.197      0.844   -6.72e-07     5.5e-07
VOL_LAG94   -3.884e-08   2.86e-07     -0.136      0.892   -5.99e-07    5.22e-07
VOL_LAG95    5.726e-08   2.05e-07      0.280      0.780   -3.44e-07    4.58e-07
VOL_LAG96    6.253e-08   2.23e-07      0.281      0.779   -3.74e-07    4.99e-07
VOL_LAG97    1.585e-07   1.89e-07      0.838      0.402   -2.12e-07    5.29e-07
VOL_LAG98   -4.043e-08   2.57e-07     -0.157      0.875   -5.45e-07    4.64e-07
VOL_LAG99   -3.661e-07   4.55e-07     -0.805      0.421   -1.26e-06    5.26e-07
===============================================================================