                 Generalized Linear Model Regression Results                  
==============================================================================
Dep. Variable:                      Y   No. Observations:                15508
Model:                            GLM   Df Residuals:                    15447
Model Family:                Binomial   Df Model:                           60
Link Function:                  Logit   Scale:                          1.0000
Method:                          IRLS   Log-Likelihood:                -2889.3
Date:                Sun, 24 Mar 2024   Deviance:                       5778.5
Time:                        21:02:44   Pearson chi2:                 1.46e+04
No. Iterations:                     6   Pseudo R-squ. (CS):            0.04390
Covariance Type:            nonrobust                                         
==============================================================================
                 coef    std err          z      P>|z|      [0.025      0.975]
------------------------------------------------------------------------------
Intercept     -3.6872      0.057    -65.035      0.000      -3.798      -3.576
RET_LAG1     123.9493     35.281      3.513      0.000      54.800     193.099
RET_LAG10     43.8411     34.039      1.288      0.198     -22.874     110.557
RET_LAG11     -5.6828     35.230     -0.161      0.872     -74.733      63.368
RET_LAG12      9.1239     35.906      0.254      0.799     -61.251      79.499
RET_LAG13     64.3159     34.671      1.855      0.064      -3.638     132.270
RET_LAG14     31.7742     35.088      0.906      0.365     -36.996     100.545
RET_LAG15     39.9109     35.091      1.137      0.255     -28.867     108.688
RET_LAG16     70.5905     34.170      2.066      0.039       3.618     137.563
RET_LAG17     53.3512     34.574      1.543      0.123     -14.412     121.114
RET_LAG18     41.5854     34.125      1.219      0.223     -25.299     108.470
RET_LAG19     11.0223     34.940      0.315      0.752     -57.458      79.503
RET_LAG2      53.5548     36.860      1.453      0.146     -18.689     125.798
RET_LAG20     53.1887     33.683      1.579      0.114     -12.829     119.206
RET_LAG21      8.3158     34.729      0.239      0.811     -59.753      76.384
RET_LAG22     -4.1674     35.197     -0.118      0.906     -73.151      64.817
RET_LAG23    100.8480     33.521      3.009      0.003      35.149     166.547
RET_LAG24      4.2212     34.475      0.122      0.903     -63.348      71.791
RET_LAG25     14.4532     34.358      0.421      0.674     -52.888      81.794
RET_LAG26    -24.5274     35.516     -0.691      0.490     -94.138      45.083
RET_LAG27     61.9486     33.867      1.829      0.067      -4.429     128.326
RET_LAG28     22.0414     34.794      0.633      0.526     -46.153      90.236
RET_LAG29     60.4548     35.137      1.721      0.085      -8.413     129.323
RET_LAG3      56.0914     36.289      1.546      0.122     -15.034     127.217
RET_LAG30     54.4043     34.191      1.591      0.112     -12.609     121.417
RET_LAG4     100.1803     35.047      2.858      0.004      31.489     168.872
RET_LAG5      92.0985     34.710      2.653      0.008      24.067     160.130
RET_LAG6      36.1571     35.656      1.014      0.311     -33.727     106.041
RET_LAG7      36.0077     35.762      1.007      0.314     -34.085     106.100
RET_LAG8     129.9153     33.626      3.864      0.000      64.009     195.822
RET_LAG9      58.9333     33.871      1.740      0.082      -7.454     125.320
VIOL_LAG1      0.9951      0.145      6.886      0.000       0.712       1.278
VIOL_LAG10     0.2959      0.157      1.886      0.059      -0.012       0.603
VIOL_LAG11    -0.1209      0.166     -0.727      0.467      -0.447       0.205
VIOL_LAG12     0.1771      0.161      1.097      0.272      -0.139       0.494
VIOL_LAG13     0.3224      0.160      2.017      0.044       0.009       0.636
VIOL_LAG14     0.2688      0.160      1.683      0.092      -0.044       0.582
VIOL_LAG15     0.2423      0.161      1.508      0.132      -0.073       0.557
VIOL_LAG16     0.3059      0.160      1.917      0.055      -0.007       0.619
VIOL_LAG17     0.4818      0.156      3.090      0.002       0.176       0.787
VIOL_LAG18     0.4718      0.155      3.046      0.002       0.168       0.775
VIOL_LAG19     0.1717      0.161      1.066      0.287      -0.144       0.487
VIOL_LAG2      0.5714      0.152      3.750      0.000       0.273       0.870
VIOL_LAG20     0.4552      0.155      2.936      0.003       0.151       0.759
VIOL_LAG21     0.0967      0.164      0.591      0.555      -0.224       0.417
VIOL_LAG22    -0.0591      0.168     -0.352      0.725      -0.388       0.270
VIOL_LAG23     0.2058      0.166      1.244      0.214      -0.119       0.530
VIOL_LAG24    -0.0276      0.167     -0.165      0.869      -0.356       0.301
VIOL_LAG25    -0.0295      0.169     -0.175      0.861      -0.361       0.302
VIOL_LAG26    -0.0172      0.168     -0.102      0.918      -0.347       0.313
VIOL_LAG27     0.1364      0.168      0.811      0.417      -0.193       0.466
VIOL_LAG28     0.1526      0.166      0.917      0.359      -0.173       0.479
VIOL_LAG29     0.4850      0.160      3.039      0.002       0.172       0.798
VIOL_LAG3      0.7578      0.148      5.126      0.000       0.468       1.048
VIOL_LAG30     0.2179      0.165      1.323      0.186      -0.105       0.541
VIOL_LAG4      0.6060      0.152      3.998      0.000       0.309       0.903
VIOL_LAG5      0.5950      0.151      3.931      0.000       0.298       0.892
VIOL_LAG6      0.4273      0.154      2.773      0.006       0.125       0.729
VIOL_LAG7      0.4322      0.154      2.806      0.005       0.130       0.734
VIOL_LAG8      0.4151      0.157      2.636      0.008       0.106       0.724
VIOL_LAG9      0.4510      0.153      2.951      0.003       0.151       0.751
==============================================================================