                 Generalized Linear Model Regression Results                  
==============================================================================
Dep. Variable:                      Y   No. Observations:                15172
Model:                            GLM   Df Residuals:                    15111
Model Family:                Binomial   Df Model:                           60
Link Function:                  Logit   Scale:                          1.0000
Method:                          IRLS   Log-Likelihood:                -3406.7
Date:                Sun, 17 Mar 2024   Deviance:                       6813.5
Time:                        19:16:02   Pearson chi2:                 4.18e+04
No. Iterations:                     6   Pseudo R-squ. (CS):            0.02658
Covariance Type:            nonrobust                                         
================================================================================
                   coef    std err          z      P>|z|      [0.025      0.975]
--------------------------------------------------------------------------------
Intercept       -3.0270      0.041    -74.143      0.000      -3.107      -2.947
RET_LAG1        97.8890     37.233      2.629      0.009      24.914     170.864
RET_LAG10       -1.8648     38.119     -0.049      0.961     -76.576      72.846
RET_LAG11       -0.5563     38.544     -0.014      0.988     -76.101      74.989
RET_LAG12      -28.5275     38.642     -0.738      0.460    -104.264      47.209
RET_LAG13      -17.5489     39.118     -0.449      0.654     -94.219      59.121
RET_LAG14       22.8201     38.524      0.592      0.554     -52.685      98.325
RET_LAG15      -63.7175     38.066     -1.674      0.094    -138.326      10.891
RET_LAG16      -41.9390     39.945     -1.050      0.294    -120.229      36.351
RET_LAG17      -32.2855     39.218     -0.823      0.410    -109.151      44.580
RET_LAG18       28.6223     39.351      0.727      0.467     -48.504     105.748
RET_LAG19       48.9204     38.310      1.277      0.202     -26.165     124.006
RET_LAG2       -72.6074     43.049     -1.687      0.092    -156.983      11.768
RET_LAG20      -42.9085     39.606     -1.083      0.279    -120.534      34.717
RET_LAG21       -5.8790     38.472     -0.153      0.879     -81.283      69.525
RET_LAG22      -29.0909     40.056     -0.726      0.468    -107.600      49.418
RET_LAG23       57.7927     38.931      1.484      0.138     -18.512     134.097
RET_LAG24       39.0114     39.965      0.976      0.329     -39.318     117.341
RET_LAG25       32.1737     39.218      0.820      0.412     -44.692     109.040
RET_LAG26       15.6075     38.755      0.403      0.687     -60.351      91.566
RET_LAG27      -27.8390     39.738     -0.701      0.484    -105.725      50.047
RET_LAG28       75.5429     39.642      1.906      0.057      -2.154     153.240
RET_LAG29      -28.9496     39.474     -0.733      0.463    -106.318      48.419
RET_LAG3        52.7712     38.363      1.376      0.169     -22.419     127.961
RET_LAG30        0.6687     39.528      0.017      0.987     -76.804      78.141
RET_LAG4        51.1740     37.966      1.348      0.178     -23.239     125.587
RET_LAG5        25.9310     39.268      0.660      0.509     -51.032     102.894
RET_LAG6        36.8567     37.735      0.977      0.329     -37.102     110.815
RET_LAG7       -90.2780     39.115     -2.308      0.021    -166.942     -13.614
RET_LAG8       -12.9277     39.050     -0.331      0.741     -89.463      63.608
RET_LAG9        45.3762     38.469      1.180      0.238     -30.021     120.773
SQ_RET_LAG1    1.13e+05   1.36e+04      8.330      0.000    8.64e+04     1.4e+05
SQ_RET_LAG10  1.987e+04   9395.777      2.115      0.034    1454.362    3.83e+04
SQ_RET_LAG11  7550.8994   9511.149      0.794      0.427   -1.11e+04    2.62e+04
SQ_RET_LAG12  1.731e+04   9521.745      1.818      0.069   -1348.452     3.6e+04
SQ_RET_LAG13  8042.7499   9536.697      0.843      0.399   -1.06e+04    2.67e+04
SQ_RET_LAG14   1.14e+04   9437.023      1.208      0.227   -7094.596    2.99e+04
SQ_RET_LAG15  2.555e+04   9318.742      2.742      0.006    7284.070    4.38e+04
SQ_RET_LAG16 -4395.7868   9816.552     -0.448      0.654   -2.36e+04    1.48e+04
SQ_RET_LAG17  1.707e+04   9597.068      1.778      0.075   -1743.646    3.59e+04
SQ_RET_LAG18  1795.7640   9478.998      0.189      0.850   -1.68e+04    2.04e+04
SQ_RET_LAG19  2.155e+04   9355.824      2.304      0.021    3216.149    3.99e+04
SQ_RET_LAG2  -1.531e+04    1.3e+04     -1.178      0.239   -4.08e+04    1.02e+04
SQ_RET_LAG20  2859.4767   9783.813      0.292      0.770   -1.63e+04     2.2e+04
SQ_RET_LAG21  2.374e+04   9365.552      2.534      0.011    5380.110    4.21e+04
SQ_RET_LAG22 -1531.5354   9637.356     -0.159      0.874   -2.04e+04    1.74e+04
SQ_RET_LAG23  1.901e+04   9266.310      2.052      0.040     852.022    3.72e+04
SQ_RET_LAG24  3660.3478   9639.982      0.380      0.704   -1.52e+04    2.26e+04
SQ_RET_LAG25  1.338e+04   9503.592      1.407      0.159   -5251.287     3.2e+04
SQ_RET_LAG26  1.803e+04   9424.898      1.913      0.056    -438.198    3.65e+04
SQ_RET_LAG27  9037.0775   9573.196      0.944      0.345   -9726.041    2.78e+04
SQ_RET_LAG28  1.075e+04   9538.409      1.127      0.260   -7940.680    2.94e+04
SQ_RET_LAG29  1.529e+04   9379.066      1.630      0.103   -3094.928    3.37e+04
SQ_RET_LAG3   3.151e+04   1.12e+04      2.820      0.005    9605.892    5.34e+04
SQ_RET_LAG30  1.074e+04   8708.656      1.233      0.218   -6333.025    2.78e+04
SQ_RET_LAG4   2.207e+04   9981.670      2.211      0.027    2504.040    4.16e+04
SQ_RET_LAG5   5903.0804   9991.712      0.591      0.555   -1.37e+04    2.55e+04
SQ_RET_LAG6   1.936e+04   9455.485      2.048      0.041     831.145    3.79e+04
SQ_RET_LAG7    1.48e+04   9801.381      1.510      0.131   -4412.647     3.4e+04
SQ_RET_LAG8   6729.8223   9579.077      0.703      0.482    -1.2e+04    2.55e+04
SQ_RET_LAG9   1.173e+04   9446.638      1.242      0.214   -6785.430    3.02e+04
================================================================================