                 Generalized Linear Model Regression Results                  
==============================================================================
Dep. Variable:                      Y   No. Observations:                15172
Model:                            GLM   Df Residuals:                    14931
Model Family:                Binomial   Df Model:                          240
Link Function:                  Logit   Scale:                          1.0000
Method:                          IRLS   Log-Likelihood:                -3220.3
Date:                Sun, 17 Mar 2024   Deviance:                       6440.6
Time:                        19:19:20   Pearson chi2:                 1.41e+04
No. Iterations:                     7   Pseudo R-squ. (CS):            0.05021
Covariance Type:            nonrobust                                         
===============================================================================
                  coef    std err          z      P>|z|      [0.025      0.975]
-------------------------------------------------------------------------------
Intercept      -3.3367      0.062    -53.812      0.000      -3.458      -3.215
VIOL_LAG1       0.4129      0.110      3.765      0.000       0.198       0.628
VIOL_LAG10      0.2848      0.112      2.541      0.011       0.065       0.504
VIOL_LAG100     0.1332      0.136      0.980      0.327      -0.133       0.400
VIOL_LAG101     0.0164      0.140      0.117      0.907      -0.258       0.291
VIOL_LAG102     0.0885      0.139      0.639      0.523      -0.183       0.360
VIOL_LAG103     0.2230      0.135      1.657      0.097      -0.041       0.487
VIOL_LAG104    -0.1259      0.146     -0.865      0.387      -0.411       0.159
VIOL_LAG105     0.2782      0.133      2.085      0.037       0.017       0.540
VIOL_LAG106     0.0251      0.141      0.178      0.859      -0.251       0.301
VIOL_LAG107    -0.0608      0.146     -0.417      0.677      -0.347       0.225
VIOL_LAG108     0.2046      0.137      1.499      0.134      -0.063       0.472
VIOL_LAG109    -0.0727      0.147     -0.496      0.620      -0.360       0.215
VIOL_LAG11      0.3486      0.110      3.159      0.002       0.132       0.565
VIOL_LAG110     0.1518      0.138      1.102      0.271      -0.118       0.422
VIOL_LAG111     0.0610      0.142      0.430      0.667      -0.217       0.339
VIOL_LAG112     0.0738      0.141      0.522      0.602      -0.203       0.351
VIOL_LAG113    -0.0623      0.145     -0.428      0.668      -0.347       0.223
VIOL_LAG114     0.1458      0.139      1.052      0.293      -0.126       0.418
VIOL_LAG115     0.1558      0.138      1.132      0.258      -0.114       0.426
VIOL_LAG116     0.2468      0.135      1.834      0.067      -0.017       0.511
VIOL_LAG117    -0.1172      0.149     -0.786      0.432      -0.409       0.175
VIOL_LAG118    -0.0202      0.145     -0.140      0.889      -0.304       0.263
VIOL_LAG119    -0.0513      0.148     -0.346      0.729      -0.341       0.239
VIOL_LAG12      0.2119      0.114      1.861      0.063      -0.011       0.435
VIOL_LAG120    -0.0865      0.146     -0.593      0.553      -0.373       0.200
VIOL_LAG13      0.3872      0.110      3.524      0.000       0.172       0.603
VIOL_LAG14      0.0489      0.118      0.415      0.678      -0.182       0.280
VIOL_LAG15      0.4531      0.109      4.142      0.000       0.239       0.668
VIOL_LAG16      0.0792      0.117      0.675      0.500      -0.151       0.309
VIOL_LAG17      0.0486      0.119      0.410      0.682      -0.184       0.281
VIOL_LAG18      0.1586      0.117      1.359      0.174      -0.070       0.387
VIOL_LAG19      0.1104      0.118      0.934      0.350      -0.121       0.342
VIOL_LAG2       0.3786      0.110      3.443      0.001       0.163       0.594
VIOL_LAG20      0.2392      0.115      2.073      0.038       0.013       0.465
VIOL_LAG21      0.0433      0.120      0.360      0.719      -0.192       0.279
VIOL_LAG22      0.1120      0.119      0.942      0.346      -0.121       0.345
VIOL_LAG23     -0.0467      0.124     -0.378      0.705      -0.289       0.196
VIOL_LAG24     -0.0638      0.123     -0.517      0.605      -0.305       0.178
VIOL_LAG25      0.0613      0.121      0.507      0.612      -0.176       0.298
VIOL_LAG26      0.0509      0.121      0.419      0.675      -0.187       0.289
VIOL_LAG27      0.2110      0.118      1.786      0.074      -0.021       0.443
VIOL_LAG28     -0.1189      0.126     -0.946      0.344      -0.365       0.128
VIOL_LAG29      0.2258      0.118      1.916      0.055      -0.005       0.457
VIOL_LAG3       0.2866      0.112      2.557      0.011       0.067       0.506
VIOL_LAG30      0.0755      0.122      0.621      0.534      -0.163       0.314
VIOL_LAG31      0.1414      0.120      1.179      0.239      -0.094       0.377
VIOL_LAG32      0.0269      0.124      0.216      0.829      -0.217       0.270
VIOL_LAG33      0.1159      0.121      0.955      0.340      -0.122       0.354
VIOL_LAG34      0.1860      0.121      1.534      0.125      -0.052       0.423
VIOL_LAG35      0.1311      0.121      1.081      0.280      -0.107       0.369
VIOL_LAG36      0.0617      0.123      0.502      0.615      -0.179       0.302
VIOL_LAG37      0.0246      0.125      0.197      0.844      -0.220       0.269
VIOL_LAG38     -0.2121      0.132     -1.607      0.108      -0.471       0.047
VIOL_LAG39      0.1526      0.123      1.243      0.214      -0.088       0.393
VIOL_LAG4       0.2828      0.112      2.533      0.011       0.064       0.502
VIOL_LAG40     -0.1360      0.130     -1.046      0.295      -0.391       0.119
VIOL_LAG41      0.0969      0.124      0.785      0.433      -0.145       0.339
VIOL_LAG42      0.1728      0.122      1.421      0.155      -0.066       0.411
VIOL_LAG43      0.1357      0.123      1.104      0.270      -0.105       0.376
VIOL_LAG44     -0.0199      0.127     -0.157      0.875      -0.268       0.229
VIOL_LAG45      0.0366      0.126      0.290      0.772      -0.211       0.284
VIOL_LAG46      0.2141      0.121      1.767      0.077      -0.023       0.452
VIOL_LAG47      0.3479      0.117      2.965      0.003       0.118       0.578
VIOL_LAG48      0.0441      0.126      0.351      0.725      -0.202       0.290
VIOL_LAG49      0.1189      0.124      0.959      0.338      -0.124       0.362
VIOL_LAG5       0.1977      0.114      1.733      0.083      -0.026       0.421
VIOL_LAG50     -0.1420      0.132     -1.076      0.282      -0.400       0.117
VIOL_LAG51      0.0278      0.128      0.218      0.828      -0.223       0.278
VIOL_LAG52     -0.1294      0.132     -0.984      0.325      -0.387       0.128
VIOL_LAG53      0.1933      0.123      1.573      0.116      -0.048       0.434
VIOL_LAG54     -0.1686      0.133     -1.270      0.204      -0.429       0.092
VIOL_LAG55      0.2079      0.123      1.691      0.091      -0.033       0.449
VIOL_LAG56      0.0859      0.126      0.681      0.496      -0.162       0.333
VIOL_LAG57      0.0949      0.126      0.754      0.451      -0.152       0.342
VIOL_LAG58      0.1540      0.124      1.240      0.215      -0.089       0.397
VIOL_LAG59     -0.0233      0.130     -0.179      0.858      -0.278       0.232
VIOL_LAG6       0.3314      0.111      2.977      0.003       0.113       0.550
VIOL_LAG60      0.1542      0.125      1.232      0.218      -0.091       0.399
VIOL_LAG61     -0.0220      0.130     -0.170      0.865      -0.276       0.232
VIOL_LAG62      0.1048      0.126      0.828      0.407      -0.143       0.353
VIOL_LAG63      0.0744      0.129      0.577      0.564      -0.178       0.327
VIOL_LAG64      0.0276      0.129      0.214      0.831      -0.226       0.281
VIOL_LAG65      0.0939      0.129      0.727      0.467      -0.159       0.347
VIOL_LAG66      0.0801      0.128      0.626      0.531      -0.171       0.331
VIOL_LAG67     -0.0445      0.134     -0.334      0.739      -0.306       0.217
VIOL_LAG68     -0.3329      0.143     -2.320      0.020      -0.614      -0.052
VIOL_LAG69      0.0700      0.130      0.537      0.591      -0.185       0.325
VIOL_LAG7       0.2316      0.113      2.050      0.040       0.010       0.453
VIOL_LAG70      0.3089      0.124      2.489      0.013       0.066       0.552
VIOL_LAG71      0.0340      0.133      0.257      0.797      -0.226       0.294
VIOL_LAG72     -0.1700      0.139     -1.219      0.223      -0.443       0.103
VIOL_LAG73      0.2012      0.127      1.587      0.112      -0.047       0.450
VIOL_LAG74      0.1338      0.130      1.030      0.303      -0.121       0.388
VIOL_LAG75     -0.0293      0.135     -0.217      0.828      -0.294       0.235
VIOL_LAG76     -0.2758      0.143     -1.922      0.055      -0.557       0.005
VIOL_LAG77     -0.0706      0.138     -0.513      0.608      -0.340       0.199
VIOL_LAG78      0.0650      0.133      0.489      0.625      -0.196       0.326
VIOL_LAG79     -0.0698      0.140     -0.499      0.618      -0.344       0.204
VIOL_LAG8       0.1043      0.117      0.891      0.373      -0.125       0.334
VIOL_LAG80      0.0438      0.134      0.326      0.744      -0.219       0.307
VIOL_LAG81      0.1747      0.131      1.337      0.181      -0.081       0.431
VIOL_LAG82     -0.3068      0.149     -2.063      0.039      -0.598      -0.015
VIOL_LAG83      0.2482      0.130      1.916      0.055      -0.006       0.502
VIOL_LAG84      0.1914      0.131      1.464      0.143      -0.065       0.448
VIOL_LAG85      0.1317      0.133      0.989      0.323      -0.129       0.393
VIOL_LAG86      0.2094      0.131      1.594      0.111      -0.048       0.467
VIOL_LAG87      0.0657      0.137      0.480      0.631      -0.202       0.334
VIOL_LAG88      0.1447      0.134      1.083      0.279      -0.117       0.407
VIOL_LAG89     -0.0182      0.139     -0.131      0.896      -0.291       0.255
VIOL_LAG9       0.1381      0.116      1.188      0.235      -0.090       0.366
VIOL_LAG90      0.0031      0.137      0.022      0.982      -0.266       0.272
VIOL_LAG91      0.4534      0.125      3.635      0.000       0.209       0.698
VIOL_LAG92     -0.1283      0.144     -0.891      0.373      -0.410       0.154
VIOL_LAG93      0.0759      0.138      0.551      0.581      -0.194       0.346
VIOL_LAG94      0.2408      0.131      1.832      0.067      -0.017       0.498
VIOL_LAG95      0.0688      0.138      0.498      0.619      -0.202       0.340
VIOL_LAG96      0.0108      0.139      0.078      0.938      -0.261       0.283
VIOL_LAG97     -0.1003      0.145     -0.691      0.490      -0.385       0.184
VIOL_LAG98     -0.0274      0.143     -0.192      0.848      -0.307       0.252
VIOL_LAG99      0.0960      0.138      0.694      0.488      -0.175       0.367
VOL_LAG1     1.175e-07   7.78e-08      1.510      0.131    -3.5e-08     2.7e-07
VOL_LAG10   -2.671e-08   1.41e-07     -0.190      0.850   -3.03e-07    2.49e-07
VOL_LAG100  -1.289e-07   2.55e-07     -0.505      0.614   -6.29e-07    3.71e-07
VOL_LAG101   1.438e-08   1.72e-07      0.084      0.933   -3.23e-07    3.51e-07
VOL_LAG102  -1.972e-08   2.03e-07     -0.097      0.923   -4.18e-07    3.78e-07
VOL_LAG103  -2.389e-07   3.21e-07     -0.745      0.456   -8.68e-07     3.9e-07
VOL_LAG104   3.329e-08   1.61e-07      0.207      0.836   -2.82e-07    3.49e-07
VOL_LAG105  -1.119e-07   2.54e-07     -0.440      0.660    -6.1e-07    3.86e-07
VOL_LAG106   -6.74e-08   2.25e-07     -0.300      0.764   -5.08e-07    3.73e-07
VOL_LAG107  -7.192e-08   2.12e-07     -0.339      0.734   -4.87e-07    3.43e-07
VOL_LAG108  -1.348e-07   2.46e-07     -0.549      0.583   -6.16e-07    3.47e-07
VOL_LAG109   9.013e-08   1.26e-07      0.716      0.474   -1.56e-07    3.37e-07
VOL_LAG11    1.128e-07   9.32e-08      1.210      0.226   -6.99e-08    2.95e-07
VOL_LAG110   2.603e-08   1.66e-07      0.156      0.876      -3e-07    3.52e-07
VOL_LAG111   -1.94e-07   3.05e-07     -0.637      0.524   -7.91e-07    4.03e-07
VOL_LAG112  -2.403e-07   3.32e-07     -0.723      0.470   -8.92e-07    4.11e-07
VOL_LAG113   1.599e-07   1.06e-07      1.514      0.130   -4.71e-08    3.67e-07
VOL_LAG114  -1.277e-07   2.43e-07     -0.525      0.600   -6.05e-07    3.49e-07
VOL_LAG115  -8.159e-08   2.13e-07     -0.382      0.702      -5e-07    3.37e-07
VOL_LAG116  -6.572e-08   1.95e-07     -0.337      0.736   -4.48e-07    3.17e-07
VOL_LAG117   3.744e-08   1.37e-07      0.274      0.784    -2.3e-07    3.05e-07
VOL_LAG118   1.003e-07   1.21e-07      0.829      0.407   -1.37e-07    3.37e-07
VOL_LAG119  -1.641e-07   2.62e-07     -0.626      0.532   -6.78e-07     3.5e-07
VOL_LAG12    8.091e-08   1.13e-07      0.717      0.473    -1.4e-07    3.02e-07
VOL_LAG120  -6.478e-08   1.91e-07     -0.338      0.735    -4.4e-07     3.1e-07
VOL_LAG13    8.408e-08   9.86e-08      0.852      0.394   -1.09e-07    2.77e-07
VOL_LAG14    7.176e-08   1.17e-07      0.615      0.539   -1.57e-07    3.01e-07
VOL_LAG15     4.34e-08   1.23e-07      0.354      0.723   -1.97e-07    2.84e-07
VOL_LAG16    9.232e-08    1.1e-07      0.838      0.402   -1.24e-07    3.08e-07
VOL_LAG17   -1.618e-07   2.12e-07     -0.762      0.446   -5.78e-07    2.54e-07
VOL_LAG18    2.866e-09   1.58e-07      0.018      0.986   -3.07e-07    3.13e-07
VOL_LAG19    8.887e-08   1.21e-07      0.735      0.462   -1.48e-07    3.26e-07
VOL_LAG2     2.366e-07   7.06e-08      3.353      0.001    9.83e-08    3.75e-07
VOL_LAG20   -2.893e-08   1.44e-07     -0.201      0.841   -3.11e-07    2.53e-07
VOL_LAG21   -3.387e-08   1.69e-07     -0.201      0.841   -3.65e-07    2.97e-07
VOL_LAG22   -1.103e-07   2.07e-07     -0.532      0.595   -5.17e-07    2.96e-07
VOL_LAG23     1.44e-07   1.08e-07      1.333      0.182   -6.77e-08    3.56e-07
VOL_LAG24    5.876e-09   1.54e-07      0.038      0.970   -2.96e-07    3.07e-07
VOL_LAG25     6.79e-08   1.21e-07      0.561      0.575   -1.69e-07    3.05e-07
VOL_LAG26    1.188e-08   1.56e-07      0.076      0.939   -2.93e-07    3.17e-07
VOL_LAG27   -1.058e-07   2.13e-07     -0.496      0.620   -5.24e-07    3.12e-07
VOL_LAG28   -3.996e-08   1.93e-07     -0.207      0.836   -4.18e-07    3.38e-07
VOL_LAG29    -4.99e-08   1.89e-07     -0.264      0.792    -4.2e-07     3.2e-07
VOL_LAG3     1.121e-07   8.36e-08      1.340      0.180   -5.18e-08    2.76e-07
VOL_LAG30    1.291e-07   1.09e-07      1.183      0.237   -8.48e-08    3.43e-07
VOL_LAG31   -5.036e-08   1.95e-07     -0.259      0.796   -4.32e-07    3.31e-07
VOL_LAG32   -1.019e-07   2.23e-07     -0.457      0.648   -5.39e-07    3.36e-07
VOL_LAG33   -1.043e-07   2.31e-07     -0.451      0.652   -5.58e-07    3.49e-07
VOL_LAG34    -1.63e-07   2.52e-07     -0.647      0.518   -6.57e-07    3.31e-07
VOL_LAG35   -6.077e-08   2.01e-07     -0.303      0.762   -4.54e-07    3.32e-07
VOL_LAG36    9.457e-08   1.25e-07      0.755      0.450   -1.51e-07     3.4e-07
VOL_LAG37   -3.363e-08   1.81e-07     -0.186      0.853   -3.89e-07    3.21e-07
VOL_LAG38    1.179e-07   1.13e-07      1.039      0.299   -1.04e-07     3.4e-07
VOL_LAG39   -1.568e-07   2.68e-07     -0.586      0.558   -6.82e-07    3.68e-07
VOL_LAG4     6.554e-08    9.6e-08      0.683      0.495   -1.23e-07    2.54e-07
VOL_LAG40   -4.474e-08   1.97e-07     -0.227      0.821   -4.31e-07    3.42e-07
VOL_LAG41    1.114e-07   1.31e-07      0.851      0.395   -1.45e-07    3.68e-07
VOL_LAG42   -3.471e-07   3.32e-07     -1.044      0.296   -9.99e-07    3.05e-07
VOL_LAG43     1.93e-07      1e-07      1.930      0.054   -3.04e-09    3.89e-07
VOL_LAG44   -6.448e-08    2.3e-07     -0.280      0.779   -5.16e-07    3.87e-07
VOL_LAG45   -5.548e-07   4.01e-07     -1.383      0.167   -1.34e-06    2.32e-07
VOL_LAG46   -8.573e-08   2.01e-07     -0.426      0.670    -4.8e-07    3.08e-07
VOL_LAG47    1.307e-07   1.17e-07      1.120      0.263   -9.81e-08    3.59e-07
VOL_LAG48    1.182e-07   1.17e-07      1.014      0.310    -1.1e-07    3.47e-07
VOL_LAG49   -1.252e-07   2.37e-07     -0.528      0.598    -5.9e-07     3.4e-07
VOL_LAG5     3.629e-08   1.05e-07      0.347      0.729   -1.69e-07    2.41e-07
VOL_LAG50    -8.08e-08   1.91e-07     -0.424      0.672   -4.54e-07    2.93e-07
VOL_LAG51   -3.155e-08   1.68e-07     -0.188      0.851   -3.61e-07    2.98e-07
VOL_LAG52    1.235e-07   1.19e-07      1.038      0.299    -1.1e-07    3.57e-07
VOL_LAG53   -1.714e-07   2.56e-07     -0.668      0.504   -6.74e-07    3.31e-07
VOL_LAG54    1.026e-07    1.1e-07      0.929      0.353   -1.14e-07    3.19e-07
VOL_LAG55    5.234e-08    1.3e-07      0.401      0.688   -2.03e-07    3.08e-07
VOL_LAG56    7.116e-08   1.26e-07      0.563      0.574   -1.77e-07    3.19e-07
VOL_LAG57   -4.819e-08   1.78e-07     -0.271      0.787   -3.97e-07    3.01e-07
VOL_LAG58   -2.423e-08   1.86e-07     -0.130      0.896   -3.89e-07    3.41e-07
VOL_LAG59   -1.211e-07   2.27e-07     -0.534      0.593   -5.66e-07    3.23e-07
VOL_LAG6     5.621e-08   9.65e-08      0.582      0.560   -1.33e-07    2.45e-07
VOL_LAG60    1.417e-07   9.81e-08      1.445      0.148   -5.05e-08    3.34e-07
VOL_LAG61    1.137e-07   1.18e-07      0.966      0.334   -1.17e-07    3.44e-07
VOL_LAG62    5.287e-08   1.39e-07      0.381      0.703   -2.19e-07    3.25e-07
VOL_LAG63   -1.029e-07    2.4e-07     -0.428      0.669   -5.74e-07    3.68e-07
VOL_LAG64    4.743e-08   1.52e-07      0.312      0.755   -2.51e-07    3.46e-07
VOL_LAG65   -5.254e-08      2e-07     -0.263      0.792   -4.44e-07    3.39e-07
VOL_LAG66    1.239e-07   1.25e-07      0.992      0.321   -1.21e-07    3.69e-07
VOL_LAG67    2.286e-07   1.16e-07      1.970      0.049    1.21e-09    4.56e-07
VOL_LAG68   -5.564e-07   4.29e-07     -1.297      0.194    -1.4e-06    2.84e-07
VOL_LAG69   -5.804e-08   2.19e-07     -0.266      0.791   -4.87e-07     3.7e-07
VOL_LAG7     3.514e-08   1.07e-07      0.328      0.743   -1.75e-07    2.45e-07
VOL_LAG70    -3.42e-08    2.4e-07     -0.143      0.886   -5.04e-07    4.35e-07
VOL_LAG71   -4.405e-07   3.97e-07     -1.110      0.267   -1.22e-06    3.37e-07
VOL_LAG72   -2.345e-08   1.75e-07     -0.134      0.893   -3.66e-07    3.19e-07
VOL_LAG73    1.401e-07   1.26e-07      1.116      0.264   -1.06e-07    3.86e-07
VOL_LAG74    1.281e-08   2.01e-07      0.064      0.949    -3.8e-07    4.06e-07
VOL_LAG75   -3.925e-07   4.11e-07     -0.956      0.339    -1.2e-06    4.13e-07
VOL_LAG76   -2.908e-08   1.86e-07     -0.156      0.876   -3.93e-07    3.35e-07
VOL_LAG77    9.121e-08   1.52e-07      0.600      0.548   -2.07e-07    3.89e-07
VOL_LAG78    -8.61e-08   2.39e-07     -0.360      0.719   -5.55e-07    3.83e-07
VOL_LAG79   -1.978e-07   2.95e-07     -0.671      0.502   -7.76e-07     3.8e-07
VOL_LAG8     6.115e-08   1.08e-07      0.568      0.570    -1.5e-07    2.72e-07
VOL_LAG80    1.321e-07   1.14e-07      1.158      0.247   -9.15e-08    3.56e-07
VOL_LAG81    4.167e-10   1.94e-07      0.002      0.998   -3.79e-07     3.8e-07
VOL_LAG82   -1.541e-07   2.77e-07     -0.556      0.578   -6.98e-07    3.89e-07
VOL_LAG83   -1.054e-08   1.78e-07     -0.059      0.953   -3.59e-07    3.38e-07
VOL_LAG84    9.512e-08   1.47e-07      0.649      0.516   -1.92e-07    3.82e-07
VOL_LAG85   -1.621e-08   2.15e-07     -0.075      0.940   -4.39e-07    4.06e-07
VOL_LAG86   -5.012e-07   4.76e-07     -1.053      0.292   -1.43e-06    4.31e-07
VOL_LAG87   -1.813e-07   3.25e-07     -0.558      0.577   -8.18e-07    4.56e-07
VOL_LAG88   -1.744e-07   2.83e-07     -0.617      0.537   -7.28e-07    3.79e-07
VOL_LAG89    6.855e-08   1.44e-07      0.477      0.633   -2.13e-07     3.5e-07
VOL_LAG9     9.258e-08   9.43e-08      0.981      0.326   -9.23e-08    2.77e-07
VOL_LAG90   -4.899e-09   1.84e-07     -0.027      0.979   -3.66e-07    3.56e-07
VOL_LAG91   -1.179e-08   2.22e-07     -0.053      0.958   -4.47e-07    4.23e-07
VOL_LAG92   -4.209e-07   4.58e-07     -0.919      0.358   -1.32e-06    4.76e-07
VOL_LAG93    7.213e-08   1.48e-07      0.486      0.627   -2.19e-07    3.63e-07
VOL_LAG94   -4.344e-08   2.19e-07     -0.198      0.843   -4.73e-07    3.86e-07
VOL_LAG95   -6.067e-08   2.15e-07     -0.282      0.778   -4.82e-07     3.6e-07
VOL_LAG96   -4.498e-09      2e-07     -0.023      0.982   -3.96e-07    3.87e-07
VOL_LAG97   -2.152e-07   3.67e-07     -0.586      0.558   -9.34e-07    5.04e-07
VOL_LAG98   -3.464e-07   4.56e-07     -0.759      0.448   -1.24e-06    5.48e-07
VOL_LAG99   -1.848e-07   3.24e-07     -0.571      0.568    -8.2e-07     4.5e-07
===============================================================================