                 Generalized Linear Model Regression Results                  
==============================================================================
Dep. Variable:                      Y   No. Observations:                15172
Model:                            GLM   Df Residuals:                    14811
Model Family:                Binomial   Df Model:                          360
Link Function:                  Logit   Scale:                          1.0000
Method:                          IRLS   Log-Likelihood:                -3060.5
Date:                Sun, 17 Mar 2024   Deviance:                       6120.9
Time:                        18:47:33   Pearson chi2:                 1.47e+04
No. Iterations:                     7   Pseudo R-squ. (CS):            0.07001
Covariance Type:            nonrobust                                         
=================================================================================
                    coef    std err          z      P>|z|      [0.025      0.975]
---------------------------------------------------------------------------------
Intercept        -3.7012      0.066    -55.708      0.000      -3.831      -3.571
RET_LAG1        226.4300     46.394      4.881      0.000     135.499     317.361
RET_LAG10        45.2736     48.770      0.928      0.353     -50.314     140.861
RET_LAG100       64.6220     56.704      1.140      0.254     -46.515     175.759
RET_LAG101       60.9154     57.253      1.064      0.287     -51.298     173.128
RET_LAG102       10.4031     55.623      0.187      0.852     -98.617     119.423
RET_LAG103     -154.8253     56.701     -2.731      0.006    -265.957     -43.693
RET_LAG104       55.6080     62.280      0.893      0.372     -66.459     177.675
RET_LAG105      128.5893     65.918      1.951      0.051      -0.607     257.785
RET_LAG106       42.3800     64.990      0.652      0.514     -84.999     169.759
RET_LAG107      -28.9779     58.404     -0.496      0.620    -143.448      85.492
RET_LAG108       -0.2810     59.266     -0.005      0.996    -116.441     115.879
RET_LAG109       79.6271     64.010      1.244      0.214     -45.830     205.085
RET_LAG11       107.2051     51.207      2.094      0.036       6.842     207.569
RET_LAG110      -26.2258     57.470     -0.456      0.648    -138.865      86.413
RET_LAG111        7.4444     56.048      0.133      0.894    -102.408     117.296
RET_LAG112       35.4840     59.709      0.594      0.552     -81.544     152.512
RET_LAG113       80.4899     57.859      1.391      0.164     -32.911     193.890
RET_LAG114      -36.7797     58.268     -0.631      0.528    -150.983      77.424
RET_LAG115      -30.8920     61.252     -0.504      0.614    -150.945      89.161
RET_LAG116      108.2950     63.344      1.710      0.087     -15.857     232.447
RET_LAG117       48.2971     56.295      0.858      0.391     -62.040     158.634
RET_LAG118       25.6084     56.123      0.456      0.648     -84.390     135.607
RET_LAG119       66.5777     65.555      1.016      0.310     -61.908     195.064
RET_LAG12        39.0065     49.341      0.791      0.429     -57.700     135.713
RET_LAG120      -37.5064     62.042     -0.605      0.545    -159.107      84.094
RET_LAG13       142.4050     53.057      2.684      0.007      38.416     246.394
RET_LAG14        88.8865     48.494      1.833      0.067      -6.159     183.932
RET_LAG15         4.3844     49.181      0.089      0.929     -92.008     100.777
RET_LAG16        41.0655     53.150      0.773      0.440     -63.108     145.239
RET_LAG17       -40.4584     51.365     -0.788      0.431    -141.132      60.215
RET_LAG18       130.4414     52.579      2.481      0.013      27.388     233.494
RET_LAG19        97.0957     52.228      1.859      0.063      -5.270     199.462
RET_LAG2         -8.2577     52.815     -0.156      0.876    -111.773      95.258
RET_LAG20        -3.1651     51.274     -0.062      0.951    -103.660      97.330
RET_LAG21        26.6260     49.347      0.540      0.589     -70.093     123.345
RET_LAG22         6.5006     51.264      0.127      0.899     -93.975     106.976
RET_LAG23        21.9451     50.809      0.432      0.666     -77.640     121.530
RET_LAG24        43.8721     54.707      0.802      0.423     -63.351     151.095
RET_LAG25        28.4599     49.714      0.572      0.567     -68.978     125.898
RET_LAG26        19.5453     49.850      0.392      0.695     -78.160     117.250
RET_LAG27        -4.8994     50.446     -0.097      0.923    -103.772      93.974
RET_LAG28       104.8206     53.708      1.952      0.051      -0.445     210.086
RET_LAG29        34.4632     51.363      0.671      0.502     -66.206     135.132
RET_LAG3        168.1838     47.799      3.519      0.000      74.500     261.867
RET_LAG30        52.6424     53.414      0.986      0.324     -52.047     157.331
RET_LAG31        89.6240     54.098      1.657      0.098     -16.407     195.655
RET_LAG32       -25.9421     51.119     -0.507      0.612    -126.133      74.249
RET_LAG33        16.7567     54.481      0.308      0.758     -90.024     123.538
RET_LAG34        -6.9999     58.252     -0.120      0.904    -121.171     107.171
RET_LAG35       -18.1711     55.717     -0.326      0.744    -127.374      91.031
RET_LAG36        28.6607     50.620      0.566      0.571     -70.552     127.874
RET_LAG37         1.9114     55.774      0.034      0.973    -107.404     111.227
RET_LAG38        69.9055     50.258      1.391      0.164     -28.598     168.409
RET_LAG39       -32.9160     56.095     -0.587      0.557    -142.861      77.029
RET_LAG4        139.6892     48.809      2.862      0.004      44.024     235.354
RET_LAG40        59.1269     54.181      1.091      0.275     -47.066     165.319
RET_LAG41       -64.4145     51.410     -1.253      0.210    -165.177      36.348
RET_LAG42        27.6760     53.495      0.517      0.605     -77.172     132.524
RET_LAG43        53.7887     53.541      1.005      0.315     -51.150     158.728
RET_LAG44       -81.6991     51.953     -1.573      0.116    -183.525      20.127
RET_LAG45         9.7731     53.687      0.182      0.856     -95.451     114.998
RET_LAG46       110.5529     56.218      1.966      0.049       0.367     220.739
RET_LAG47        86.4109     50.160      1.723      0.085     -11.900     184.722
RET_LAG48        57.3186     50.455      1.136      0.256     -41.571     156.209
RET_LAG49       131.0076     52.916      2.476      0.013      27.294     234.721
RET_LAG5         71.2941     50.134      1.422      0.155     -26.967     169.556
RET_LAG50         0.0137     58.049      0.000      1.000    -113.761     113.789
RET_LAG51        98.8014     54.917      1.799      0.072      -8.833     206.436
RET_LAG52         2.1067     59.442      0.035      0.972    -114.397     118.610
RET_LAG53        42.0765     51.179      0.822      0.411     -58.233     142.386
RET_LAG54        85.0318     53.844      1.579      0.114     -20.500     190.564
RET_LAG55        23.0883     53.649      0.430      0.667     -82.061     128.238
RET_LAG56       -48.4602     53.125     -0.912      0.362    -152.583      55.663
RET_LAG57       135.7470     54.257      2.502      0.012      29.406     242.088
RET_LAG58       -10.2768     50.792     -0.202      0.840    -109.828      89.274
RET_LAG59       -51.7050     51.301     -1.008      0.314    -152.254      48.844
RET_LAG6        125.3064     48.089      2.606      0.009      31.054     219.558
RET_LAG60        86.0123     56.587      1.520      0.129     -24.895     196.920
RET_LAG61        17.7361     59.506      0.298      0.766     -98.893     134.365
RET_LAG62       -61.1134     54.130     -1.129      0.259    -167.207      44.980
RET_LAG63      -131.0055     54.637     -2.398      0.016    -238.093     -23.918
RET_LAG64       -59.9518     53.086     -1.129      0.259    -163.999      44.096
RET_LAG65        92.9397     57.609      1.613      0.107     -19.972     205.851
RET_LAG66        54.0500     52.636      1.027      0.304     -49.114     157.214
RET_LAG67        40.4435     52.009      0.778      0.437     -61.492     142.379
RET_LAG68        94.3164     58.729      1.606      0.108     -20.791     209.424
RET_LAG69       -53.6006     60.823     -0.881      0.378    -172.812      65.610
RET_LAG7        -50.1231     49.787     -1.007      0.314    -147.704      47.458
RET_LAG70        45.1889     58.269      0.776      0.438     -69.016     159.394
RET_LAG71       -14.0211     54.948     -0.255      0.799    -121.717      93.675
RET_LAG72        17.2510     53.904      0.320      0.749     -88.398     122.900
RET_LAG73       -69.6816     54.149     -1.287      0.198    -175.812      36.449
RET_LAG74        48.2529     54.194      0.890      0.373     -57.966     154.472
RET_LAG75      -110.7039     62.834     -1.762      0.078    -233.857      12.449
RET_LAG76       -59.8002     58.209     -1.027      0.304    -173.887      54.287
RET_LAG77      -121.0645     58.397     -2.073      0.038    -235.521      -6.608
RET_LAG78       -22.8563     54.778     -0.417      0.676    -130.218      84.506
RET_LAG79       -46.4518     53.482     -0.869      0.385    -151.275      58.372
RET_LAG8          2.0266     49.613      0.041      0.967     -95.214      99.267
RET_LAG80         4.7577     57.241      0.083      0.934    -107.432     116.947
RET_LAG81        19.3041     59.771      0.323      0.747     -97.844     136.452
RET_LAG82        -6.7208     59.904     -0.112      0.911    -124.130     110.688
RET_LAG83       -50.4805     56.581     -0.892      0.372    -161.376      60.416
RET_LAG84        21.2893     54.496      0.391      0.696     -85.522     128.100
RET_LAG85        48.3532     52.823      0.915      0.360     -55.178     151.884
RET_LAG86        41.9929     57.014      0.737      0.461     -69.753     153.738
RET_LAG87       -22.8512     55.146     -0.414      0.679    -130.935      85.232
RET_LAG88       -84.0690     60.816     -1.382      0.167    -203.267      35.129
RET_LAG89       101.4473     59.020      1.719      0.086     -14.231     217.125
RET_LAG9         69.8930     50.052      1.396      0.163     -28.206     167.992
RET_LAG90        54.1253     60.062      0.901      0.368     -63.595     171.845
RET_LAG91      -118.0484     56.078     -2.105      0.035    -227.958      -8.138
RET_LAG92        -4.8633     59.055     -0.082      0.934    -120.609     110.882
RET_LAG93        69.2852     56.999      1.216      0.224     -42.430     181.000
RET_LAG94       -61.5419     55.268     -1.114      0.265    -169.865      46.781
RET_LAG95       -20.8719     54.888     -0.380      0.704    -128.451      86.707
RET_LAG96         5.2519     55.523      0.095      0.925    -103.570     114.074
RET_LAG97       -18.5516     61.207     -0.303      0.762    -138.515     101.412
RET_LAG98       -12.7478     57.202     -0.223      0.824    -124.862      99.367
RET_LAG99       -65.6204     61.838     -1.061      0.289    -186.821      55.580
SQ_RET_LAG1    7.683e+04   1.12e+04      6.844      0.000    5.48e+04    9.88e+04
SQ_RET_LAG10   1.364e+04   1.09e+04      1.257      0.209   -7629.334    3.49e+04
SQ_RET_LAG100  9952.9489   1.49e+04      0.667      0.505   -1.93e+04    3.92e+04
SQ_RET_LAG101 -1104.0631    1.4e+04     -0.079      0.937   -2.85e+04    2.63e+04
SQ_RET_LAG102  1.426e+04   1.36e+04      1.047      0.295   -1.24e+04     4.1e+04
SQ_RET_LAG103   1.13e+04   1.34e+04      0.842      0.400    -1.5e+04    3.76e+04
SQ_RET_LAG104 -1.358e+04   1.73e+04     -0.787      0.431   -4.74e+04    2.02e+04
SQ_RET_LAG105 -4.312e+04   2.68e+04     -1.612      0.107   -9.56e+04    9305.194
SQ_RET_LAG106 -6.248e+04   2.63e+04     -2.372      0.018   -1.14e+05   -1.08e+04
SQ_RET_LAG107  1.163e+04   1.54e+04      0.754      0.451   -1.86e+04    4.19e+04
SQ_RET_LAG108  2044.6004   1.57e+04      0.130      0.896   -2.88e+04    3.28e+04
SQ_RET_LAG109 -2.191e+04   2.05e+04     -1.068      0.285   -6.21e+04    1.83e+04
SQ_RET_LAG11  -8550.7649   1.24e+04     -0.688      0.492   -3.29e+04    1.58e+04
SQ_RET_LAG110  -676.4482   1.41e+04     -0.048      0.962   -2.84e+04     2.7e+04
SQ_RET_LAG111   1.66e+04   1.35e+04      1.228      0.219   -9890.547    4.31e+04
SQ_RET_LAG112 -9978.4434   1.65e+04     -0.606      0.544   -4.22e+04    2.23e+04
SQ_RET_LAG113   421.7081   1.48e+04      0.028      0.977   -2.87e+04    2.95e+04
SQ_RET_LAG114  3559.8596   1.56e+04      0.228      0.820   -2.71e+04    3.42e+04
SQ_RET_LAG115 -1.737e+04   1.88e+04     -0.926      0.354   -5.41e+04    1.94e+04
SQ_RET_LAG116 -2.498e+04   2.09e+04     -1.193      0.233    -6.6e+04    1.61e+04
SQ_RET_LAG117  1.367e+04   1.36e+04      1.005      0.315    -1.3e+04    4.03e+04
SQ_RET_LAG118  2.233e+04    1.4e+04      1.601      0.109   -5014.114    4.97e+04
SQ_RET_LAG119 -3.518e+04   2.48e+04     -1.417      0.156   -8.38e+04    1.35e+04
SQ_RET_LAG12   1.389e+04   1.17e+04      1.189      0.234   -9007.136    3.68e+04
SQ_RET_LAG120 -4789.8159   2.09e+04     -0.229      0.819   -4.58e+04    3.62e+04
SQ_RET_LAG13  -1.323e+04   1.39e+04     -0.949      0.343   -4.06e+04    1.41e+04
SQ_RET_LAG14   1.122e+04   1.09e+04      1.031      0.302   -1.01e+04    3.26e+04
SQ_RET_LAG15   1.356e+04   1.11e+04      1.221      0.222   -8210.568    3.53e+04
SQ_RET_LAG16  -1.886e+04   1.44e+04     -1.313      0.189    -4.7e+04    9303.147
SQ_RET_LAG17   1508.9271   1.29e+04      0.117      0.907   -2.37e+04    2.67e+04
SQ_RET_LAG18  -3246.8031   1.32e+04     -0.247      0.805    -2.9e+04    2.26e+04
SQ_RET_LAG19     10.4125   1.38e+04      0.001      0.999   -2.71e+04    2.71e+04
SQ_RET_LAG2   -2.623e+04   1.27e+04     -2.069      0.039   -5.11e+04   -1377.924
SQ_RET_LAG20  -3689.9456   1.25e+04     -0.296      0.767   -2.81e+04    2.08e+04
SQ_RET_LAG21   1.431e+04   1.11e+04      1.290      0.197   -7440.868    3.61e+04
SQ_RET_LAG22  -3318.8349    1.2e+04     -0.277      0.782   -2.68e+04    2.02e+04
SQ_RET_LAG23   7891.9246   1.26e+04      0.625      0.532   -1.68e+04    3.26e+04
SQ_RET_LAG24  -8216.4949   1.53e+04     -0.538      0.591   -3.82e+04    2.17e+04
SQ_RET_LAG25   2971.7370   1.14e+04      0.262      0.794   -1.93e+04    2.52e+04
SQ_RET_LAG26   1.172e+04   1.12e+04      1.044      0.297   -1.03e+04    3.37e+04
SQ_RET_LAG27   1145.3436   1.16e+04      0.099      0.921   -2.16e+04    2.39e+04
SQ_RET_LAG28  -4420.0460   1.38e+04     -0.319      0.750   -3.16e+04    2.27e+04
SQ_RET_LAG29   7105.5864   1.25e+04      0.569      0.570   -1.74e+04    3.16e+04
SQ_RET_LAG3    2.163e+04   1.07e+04      2.030      0.042     744.011    4.25e+04
SQ_RET_LAG30  -5796.1926    1.4e+04     -0.415      0.678   -3.32e+04    2.16e+04
SQ_RET_LAG31  -9743.1023   1.61e+04     -0.605      0.545   -4.13e+04    2.18e+04
SQ_RET_LAG32   1.244e+04   1.37e+04      0.910      0.363   -1.44e+04    3.93e+04
SQ_RET_LAG33  -1.471e+04   1.54e+04     -0.956      0.339   -4.49e+04    1.55e+04
SQ_RET_LAG34  -4.575e+04   2.29e+04     -2.001      0.045   -9.06e+04    -927.554
SQ_RET_LAG35  -3.155e+04   1.74e+04     -1.808      0.071   -6.57e+04    2644.821
SQ_RET_LAG36   3.036e+04   1.27e+04      2.397      0.017    5530.298    5.52e+04
SQ_RET_LAG37  -3.617e+04   1.57e+04     -2.310      0.021   -6.69e+04   -5478.683
SQ_RET_LAG38   4.258e+04   1.26e+04      3.368      0.001    1.78e+04    6.74e+04
SQ_RET_LAG39  -2.454e+04   1.65e+04     -1.487      0.137   -5.69e+04    7805.193
SQ_RET_LAG4    7422.0218   1.11e+04      0.670      0.503   -1.43e+04    2.91e+04
SQ_RET_LAG40   -266.5520   1.56e+04     -0.017      0.986   -3.09e+04    3.04e+04
SQ_RET_LAG41   7215.8291   1.24e+04      0.582      0.560   -1.71e+04    3.15e+04
SQ_RET_LAG42  -2090.4559   1.38e+04     -0.151      0.880   -2.92e+04     2.5e+04
SQ_RET_LAG43  -7069.6671   1.47e+04     -0.481      0.631   -3.59e+04    2.17e+04
SQ_RET_LAG44   1.131e+04   1.28e+04      0.884      0.377   -1.38e+04    3.64e+04
SQ_RET_LAG45  -3805.8766   1.42e+04     -0.269      0.788   -3.16e+04    2.39e+04
SQ_RET_LAG46  -2.424e+04   1.83e+04     -1.323      0.186   -6.01e+04    1.17e+04
SQ_RET_LAG47    1.99e+04   1.12e+04      1.772      0.076   -2116.081    4.19e+04
SQ_RET_LAG48  -3034.6631    1.1e+04     -0.277      0.782   -2.45e+04    1.84e+04
SQ_RET_LAG49   1.244e+04   1.28e+04      0.972      0.331   -1.26e+04    3.75e+04
SQ_RET_LAG5    5313.7699   1.12e+04      0.474      0.636   -1.67e+04    2.73e+04
SQ_RET_LAG50  -2.816e+04   2.09e+04     -1.346      0.178   -6.92e+04    1.28e+04
SQ_RET_LAG51  -1.584e+04   1.57e+04     -1.010      0.312   -4.66e+04    1.49e+04
SQ_RET_LAG52  -4.198e+04    2.3e+04     -1.825      0.068   -8.71e+04    3098.733
SQ_RET_LAG53   1.823e+04   1.17e+04      1.553      0.120   -4769.050    4.12e+04
SQ_RET_LAG54  -4715.4889   1.34e+04     -0.352      0.725    -3.1e+04    2.15e+04
SQ_RET_LAG55   5336.1165   1.47e+04      0.363      0.716   -2.34e+04    3.41e+04
SQ_RET_LAG56   -695.6049   1.27e+04     -0.055      0.956   -2.56e+04    2.42e+04
SQ_RET_LAG57  -6854.6317   1.39e+04     -0.494      0.621    -3.4e+04    2.03e+04
SQ_RET_LAG58   1.615e+04   1.11e+04      1.452      0.147   -5650.976    3.79e+04
SQ_RET_LAG59   2854.1556   1.13e+04      0.253      0.800   -1.93e+04     2.5e+04
SQ_RET_LAG6    7373.6519   1.07e+04      0.687      0.492   -1.37e+04    2.84e+04
SQ_RET_LAG60  -1045.6768   1.48e+04     -0.071      0.944   -3.01e+04     2.8e+04
SQ_RET_LAG61  -3.368e+04   2.17e+04     -1.556      0.120   -7.61e+04    8749.175
SQ_RET_LAG62   8331.8860   1.37e+04      0.608      0.543   -1.85e+04    3.52e+04
SQ_RET_LAG63  -3109.3538   1.27e+04     -0.245      0.806   -2.79e+04    2.17e+04
SQ_RET_LAG64   1.224e+04   1.22e+04      1.001      0.317   -1.17e+04    3.62e+04
SQ_RET_LAG65  -1.844e+04   1.59e+04     -1.162      0.245   -4.95e+04    1.27e+04
SQ_RET_LAG66   6449.4313   1.19e+04      0.540      0.589    -1.7e+04    2.99e+04
SQ_RET_LAG67   1.148e+04   1.14e+04      1.003      0.316    -1.1e+04    3.39e+04
SQ_RET_LAG68  -7042.9097   1.52e+04     -0.465      0.642   -3.68e+04    2.27e+04
SQ_RET_LAG69  -4.476e+04   2.32e+04     -1.933      0.053   -9.01e+04     622.389
SQ_RET_LAG7    1.052e+04   1.11e+04      0.948      0.343   -1.12e+04    3.23e+04
SQ_RET_LAG70  -2.921e+04   1.94e+04     -1.505      0.132   -6.73e+04    8830.481
SQ_RET_LAG71   -762.1072   1.36e+04     -0.056      0.955   -2.74e+04    2.59e+04
SQ_RET_LAG72   1.161e+04   1.24e+04      0.936      0.349   -1.27e+04    3.59e+04
SQ_RET_LAG73    912.0344   1.19e+04      0.077      0.939   -2.24e+04    2.42e+04
SQ_RET_LAG74   9107.4719   1.28e+04      0.710      0.477    -1.6e+04    3.42e+04
SQ_RET_LAG75  -5.673e+04   2.56e+04     -2.213      0.027   -1.07e+05   -6490.492
SQ_RET_LAG76  -2170.9167   1.76e+04     -0.123      0.902   -3.67e+04    3.24e+04
SQ_RET_LAG77  -9055.5801   1.61e+04     -0.563      0.574   -4.06e+04    2.25e+04
SQ_RET_LAG78   4592.5654   1.23e+04      0.372      0.710   -1.96e+04    2.88e+04
SQ_RET_LAG79   1.258e+04   1.17e+04      1.077      0.281   -1.03e+04    3.55e+04
SQ_RET_LAG8    1211.7659   1.08e+04      0.112      0.910   -1.99e+04    2.23e+04
SQ_RET_LAG80  -2501.0418   1.41e+04     -0.177      0.859   -3.02e+04    2.52e+04
SQ_RET_LAG81  -2.967e+04   2.08e+04     -1.423      0.155   -7.05e+04    1.12e+04
SQ_RET_LAG82  -8089.8330    1.8e+04     -0.450      0.652   -4.33e+04    2.71e+04
SQ_RET_LAG83   1759.2004   1.37e+04      0.128      0.898   -2.51e+04    2.86e+04
SQ_RET_LAG84   2186.6976   1.23e+04      0.178      0.859   -2.19e+04    2.62e+04
SQ_RET_LAG85   1.324e+04   1.16e+04      1.137      0.255   -9577.242    3.61e+04
SQ_RET_LAG86  -4827.2210   1.37e+04     -0.352      0.725   -3.17e+04     2.2e+04
SQ_RET_LAG87    1.09e+04   1.36e+04      0.800      0.424   -1.58e+04    3.76e+04
SQ_RET_LAG88  -1.887e+04   1.95e+04     -0.969      0.332    -5.7e+04    1.93e+04
SQ_RET_LAG89  -1.205e+04   1.68e+04     -0.718      0.473    -4.5e+04    2.09e+04
SQ_RET_LAG9     960.4437   1.13e+04      0.085      0.932   -2.12e+04    2.31e+04
SQ_RET_LAG90  -1.062e+04   1.98e+04     -0.536      0.592   -4.94e+04    2.82e+04
SQ_RET_LAG91   1.582e+04   1.35e+04      1.174      0.240   -1.06e+04    4.22e+04
SQ_RET_LAG92  -1.968e+04   1.61e+04     -1.225      0.221   -5.12e+04    1.18e+04
SQ_RET_LAG93    550.2919    1.5e+04      0.037      0.971   -2.88e+04    2.99e+04
SQ_RET_LAG94    1.08e+04   1.32e+04      0.820      0.412    -1.5e+04    3.66e+04
SQ_RET_LAG95   7414.5070   1.29e+04      0.574      0.566   -1.79e+04    3.27e+04
SQ_RET_LAG96   1.491e+04   1.38e+04      1.082      0.279   -1.21e+04    4.19e+04
SQ_RET_LAG97  -1.482e+04   1.86e+04     -0.795      0.427   -5.14e+04    2.17e+04
SQ_RET_LAG98   2431.9963    1.6e+04      0.152      0.879    -2.9e+04    3.38e+04
SQ_RET_LAG99  -3.422e+04   2.01e+04     -1.703      0.089   -7.36e+04    5162.707
VIOL_LAG1         0.7125      0.149      4.781      0.000       0.420       1.005
VIOL_LAG10        0.3414      0.154      2.212      0.027       0.039       0.644
VIOL_LAG100       0.2290      0.178      1.288      0.198      -0.119       0.577
VIOL_LAG101       0.0893      0.182      0.492      0.623      -0.267       0.445
VIOL_LAG102      -0.0045      0.185     -0.024      0.981      -0.366       0.357
VIOL_LAG103      -0.2154      0.177     -1.214      0.225      -0.563       0.132
VIOL_LAG104      -0.0016      0.195     -0.008      0.994      -0.384       0.381
VIOL_LAG105       0.5500      0.190      2.899      0.004       0.178       0.922
VIOL_LAG106       0.1271      0.196      0.648      0.517      -0.257       0.512
VIOL_LAG107      -0.2760      0.193     -1.433      0.152      -0.654       0.102
VIOL_LAG108       0.0790      0.184      0.429      0.668      -0.282       0.440
VIOL_LAG109       0.0869      0.201      0.432      0.665      -0.307       0.481
VIOL_LAG11        0.4896      0.158      3.095      0.002       0.180       0.800
VIOL_LAG110       0.0285      0.181      0.158      0.875      -0.326       0.383
VIOL_LAG111      -0.0333      0.185     -0.180      0.857      -0.396       0.329
VIOL_LAG112       0.1158      0.185      0.625      0.532      -0.247       0.479
VIOL_LAG113       0.0164      0.192      0.086      0.932      -0.359       0.392
VIOL_LAG114      -0.0227      0.184     -0.123      0.902      -0.384       0.338
VIOL_LAG115       0.0508      0.188      0.271      0.787      -0.317       0.419
VIOL_LAG116       0.3789      0.186      2.037      0.042       0.014       0.744
VIOL_LAG117      -0.1648      0.192     -0.857      0.392      -0.542       0.212
VIOL_LAG118      -0.0507      0.188     -0.269      0.788      -0.420       0.318
VIOL_LAG119       0.0247      0.206      0.120      0.904      -0.378       0.428
VIOL_LAG12        0.2442      0.157      1.553      0.120      -0.064       0.552
VIOL_LAG120      -0.1762      0.196     -0.900      0.368      -0.560       0.208
VIOL_LAG13        0.6728      0.160      4.204      0.000       0.359       0.987
VIOL_LAG14        0.1502      0.159      0.947      0.344      -0.161       0.461
VIOL_LAG15        0.2593      0.155      1.672      0.095      -0.045       0.563
VIOL_LAG16        0.2564      0.165      1.552      0.121      -0.067       0.580
VIOL_LAG17       -0.1466      0.163     -0.897      0.370      -0.467       0.174
VIOL_LAG18        0.3847      0.164      2.346      0.019       0.063       0.706
VIOL_LAG19        0.1832      0.168      1.093      0.274      -0.145       0.512
VIOL_LAG2         0.3910      0.155      2.517      0.012       0.087       0.696
VIOL_LAG20        0.1799      0.159      1.130      0.259      -0.132       0.492
VIOL_LAG21        0.0829      0.163      0.508      0.612      -0.237       0.403
VIOL_LAG22        0.1156      0.164      0.705      0.481      -0.206       0.437
VIOL_LAG23       -0.1204      0.173     -0.697      0.486      -0.459       0.218
VIOL_LAG24       -0.0288      0.175     -0.164      0.869      -0.372       0.314
VIOL_LAG25        0.1217      0.161      0.756      0.449      -0.194       0.437
VIOL_LAG26        0.0600      0.167      0.360      0.719      -0.267       0.387
VIOL_LAG27        0.0913      0.162      0.563      0.574      -0.227       0.409
VIOL_LAG28        0.0131      0.178      0.074      0.941      -0.336       0.362
VIOL_LAG29        0.2741      0.162      1.690      0.091      -0.044       0.592
VIOL_LAG3         0.5781      0.151      3.825      0.000       0.282       0.874
VIOL_LAG30        0.1818      0.169      1.074      0.283      -0.150       0.514
VIOL_LAG31        0.3797      0.169      2.245      0.025       0.048       0.711
VIOL_LAG32       -0.0841      0.170     -0.494      0.621      -0.417       0.249
VIOL_LAG33        0.2544      0.171      1.485      0.138      -0.081       0.590
VIOL_LAG34        0.2583      0.177      1.457      0.145      -0.089       0.606
VIOL_LAG35        0.0587      0.170      0.346      0.729      -0.274       0.391
VIOL_LAG36        0.0079      0.170      0.046      0.963      -0.325       0.341
VIOL_LAG37        0.1231      0.168      0.732      0.464      -0.207       0.453
VIOL_LAG38       -0.1805      0.177     -1.020      0.308      -0.527       0.166
VIOL_LAG39        0.0733      0.175      0.418      0.676      -0.270       0.417
VIOL_LAG4         0.5030      0.155      3.256      0.001       0.200       0.806
VIOL_LAG40       -0.0347      0.181     -0.192      0.848      -0.389       0.320
VIOL_LAG41       -0.0631      0.167     -0.377      0.706      -0.391       0.265
VIOL_LAG42        0.2897      0.168      1.722      0.085      -0.040       0.620
VIOL_LAG43        0.1717      0.172      0.996      0.319      -0.166       0.510
VIOL_LAG44       -0.2682      0.172     -1.563      0.118      -0.605       0.068
VIOL_LAG45        0.0211      0.174      0.121      0.904      -0.320       0.362
VIOL_LAG46        0.4651      0.172      2.707      0.007       0.128       0.802
VIOL_LAG47        0.3996      0.159      2.512      0.012       0.088       0.711
VIOL_LAG48        0.1691      0.166      1.019      0.308      -0.156       0.495
VIOL_LAG49        0.3549      0.170      2.082      0.037       0.021       0.689
VIOL_LAG5         0.2491      0.157      1.588      0.112      -0.058       0.556
VIOL_LAG50       -0.1118      0.190     -0.590      0.555      -0.483       0.260
VIOL_LAG51        0.2397      0.177      1.358      0.175      -0.106       0.586
VIOL_LAG52       -0.0816      0.189     -0.432      0.666      -0.452       0.289
VIOL_LAG53        0.2727      0.163      1.670      0.095      -0.047       0.593
VIOL_LAG54       -0.0170      0.181     -0.094      0.925      -0.371       0.337
VIOL_LAG55        0.2495      0.169      1.476      0.140      -0.082       0.581
VIOL_LAG56        0.0076      0.170      0.044      0.965      -0.325       0.341
VIOL_LAG57        0.3550      0.174      2.035      0.042       0.013       0.697
VIOL_LAG58        0.0476      0.167      0.285      0.775      -0.280       0.375
VIOL_LAG59       -0.1705      0.174     -0.981      0.327      -0.511       0.170
VIOL_LAG6         0.4872      0.155      3.143      0.002       0.183       0.791
VIOL_LAG60        0.3598      0.176      2.047      0.041       0.015       0.704
VIOL_LAG61        0.0743      0.186      0.399      0.690      -0.291       0.439
VIOL_LAG62       -0.1192      0.177     -0.674      0.500      -0.466       0.227
VIOL_LAG63       -0.2061      0.176     -1.173      0.241      -0.551       0.138
VIOL_LAG64       -0.1440      0.177     -0.812      0.417      -0.492       0.204
VIOL_LAG65        0.3176      0.181      1.752      0.080      -0.038       0.673
VIOL_LAG66        0.1955      0.169      1.158      0.247      -0.135       0.526
VIOL_LAG67       -0.0186      0.177     -0.105      0.916      -0.365       0.328
VIOL_LAG68       -0.1143      0.194     -0.588      0.557      -0.495       0.267
VIOL_LAG69        0.0226      0.187      0.120      0.904      -0.345       0.390
VIOL_LAG7         0.0862      0.157      0.548      0.583      -0.222       0.394
VIOL_LAG70        0.4690      0.174      2.694      0.007       0.128       0.810
VIOL_LAG71       -0.1053      0.178     -0.593      0.553      -0.453       0.243
VIOL_LAG72       -0.1019      0.184     -0.554      0.580      -0.463       0.259
VIOL_LAG73        0.0301      0.171      0.176      0.860      -0.304       0.364
VIOL_LAG74        0.3353      0.175      1.917      0.055      -0.007       0.678
VIOL_LAG75       -0.1561      0.192     -0.812      0.417      -0.533       0.220
VIOL_LAG76       -0.3870      0.196     -1.975      0.048      -0.771      -0.003
VIOL_LAG77       -0.2643      0.187     -1.414      0.157      -0.631       0.102
VIOL_LAG78        0.0292      0.176      0.166      0.868      -0.315       0.373
VIOL_LAG79       -0.1987      0.184     -1.082      0.279      -0.559       0.161
VIOL_LAG8         0.0381      0.161      0.237      0.813      -0.277       0.353
VIOL_LAG80        0.1082      0.183      0.590      0.555      -0.251       0.467
VIOL_LAG81        0.2583      0.183      1.413      0.158      -0.100       0.617
VIOL_LAG82       -0.3502      0.205     -1.711      0.087      -0.751       0.051
VIOL_LAG83        0.1805      0.172      1.051      0.293      -0.156       0.517
VIOL_LAG84        0.1867      0.173      1.076      0.282      -0.153       0.527
VIOL_LAG85        0.1765      0.173      1.018      0.309      -0.163       0.517
VIOL_LAG86        0.1896      0.179      1.062      0.288      -0.160       0.540
VIOL_LAG87       -0.0164      0.182     -0.090      0.928      -0.373       0.340
VIOL_LAG88       -0.0638      0.185     -0.345      0.730      -0.426       0.299
VIOL_LAG89        0.1214      0.189      0.643      0.520      -0.249       0.491
VIOL_LAG9         0.2318      0.161      1.442      0.149      -0.083       0.547
VIOL_LAG90        0.0454      0.190      0.240      0.811      -0.326       0.417
VIOL_LAG91        0.1848      0.167      1.108      0.268      -0.142       0.512
VIOL_LAG92       -0.1882      0.192     -0.980      0.327      -0.565       0.188
VIOL_LAG93        0.1537      0.185      0.832      0.406      -0.209       0.516
VIOL_LAG94        0.0181      0.175      0.104      0.917      -0.325       0.361
VIOL_LAG95       -0.0480      0.182     -0.264      0.792      -0.404       0.308
VIOL_LAG96       -0.1123      0.183     -0.613      0.540      -0.472       0.247
VIOL_LAG97       -0.1362      0.195     -0.699      0.485      -0.518       0.246
VIOL_LAG98       -0.0692      0.189     -0.367      0.714      -0.439       0.301
VIOL_LAG99       -0.0252      0.187     -0.135      0.893      -0.392       0.341
=================================================================================