                 Generalized Linear Model Regression Results                  
==============================================================================
Dep. Variable:                      Y   No. Observations:                15172
Model:                            GLM   Df Residuals:                    14901
Model Family:                Binomial   Df Model:                          270
Link Function:                  Logit   Scale:                          1.0000
Method:                          IRLS   Log-Likelihood:                -3146.8
Date:                Sun, 24 Mar 2024   Deviance:                       6293.6
Time:                        20:59:25   Pearson chi2:                 1.45e+04
No. Iterations:                     7   Pseudo R-squ. (CS):            0.05937
Covariance Type:            nonrobust                                         
==============================================================================
                 coef    std err          z      P>|z|      [0.025      0.975]
------------------------------------------------------------------------------
Intercept     -3.5469      0.064    -55.100      0.000      -3.673      -3.421
RET_LAG1     271.1570     45.190      6.000      0.000     182.586     359.728
RET_LAG10     72.2359     48.464      1.491      0.136     -22.751     167.223
RET_LAG11     95.5764     47.655      2.006      0.045       2.173     188.979
RET_LAG12     27.0069     48.166      0.561      0.575     -67.396     121.410
RET_LAG13    101.9683     46.842      2.177      0.029      10.160     193.776
RET_LAG14     60.6688     47.915      1.266      0.205     -33.244     154.581
RET_LAG15     39.2203     48.514      0.808      0.419     -55.865     134.305
RET_LAG16     32.7473     47.509      0.689      0.491     -60.368     125.862
RET_LAG17    -58.9086     48.718     -1.209      0.227    -154.395      36.578
RET_LAG18     98.7394     47.533      2.077      0.038       5.577     191.902
RET_LAG19     87.0453     47.670      1.826      0.068      -6.387     180.478
RET_LAG2      14.6696     49.153      0.298      0.765     -81.669     111.008
RET_LAG20    -13.1329     49.231     -0.267      0.790    -109.624      83.359
RET_LAG21     37.9635     48.307      0.786      0.432     -56.717     132.644
RET_LAG22    -15.3390     49.491     -0.310      0.757    -112.340      81.662
RET_LAG23     37.0496     48.113      0.770      0.441     -57.249     131.349
RET_LAG24     21.0702     49.437      0.426      0.670     -75.825     117.965
RET_LAG25     21.3281     49.288      0.433      0.665     -75.275     117.931
RET_LAG26     36.7438     49.509      0.742      0.458     -60.291     133.779
RET_LAG27    -12.8394     49.692     -0.258      0.796    -110.233      84.554
RET_LAG28     77.4059     48.471      1.597      0.110     -17.596     172.408
RET_LAG29     24.1302     49.270      0.490      0.624     -72.437     120.698
RET_LAG3     149.1222     46.714      3.192      0.001      57.564     240.681
RET_LAG30     50.7063     48.285      1.050      0.294     -43.930     145.342
RET_LAG31     77.0741     48.411      1.592      0.111     -17.809     171.958
RET_LAG32     -5.5805     49.805     -0.112      0.911    -103.196      92.035
RET_LAG33     21.5859     49.398      0.437      0.662     -75.233     118.405
RET_LAG34    -25.5274     50.387     -0.507      0.612    -124.284      73.230
RET_LAG35    -23.0155     49.956     -0.461      0.645    -120.928      74.897
RET_LAG36     44.6273     48.667      0.917      0.359     -50.757     140.012
RET_LAG37    -18.3746     50.443     -0.364      0.716    -117.240      80.491
RET_LAG38    118.7313     48.703      2.438      0.015      23.275     214.188
RET_LAG39    -35.0595     51.306     -0.683      0.494    -135.617      65.498
RET_LAG4     169.5923     47.058      3.604      0.000      77.360     261.824
RET_LAG40     59.4892     49.140      1.211      0.226     -36.824     155.802
RET_LAG41    -51.3851     51.050     -1.007      0.314    -151.442      48.672
RET_LAG42     45.2590     49.687      0.911      0.362     -52.126     142.644
RET_LAG43     62.9872     49.733      1.267      0.205     -34.488     160.462
RET_LAG44    -79.8450     51.379     -1.554      0.120    -180.547      20.857
RET_LAG45     19.2705     50.514      0.381      0.703     -79.735     118.276
RET_LAG46     82.4909     49.543      1.665      0.096     -14.612     179.593
RET_LAG47     99.9150     49.728      2.009      0.045       2.449     197.381
RET_LAG48     52.5490     48.732      1.078      0.281     -42.963     148.061
RET_LAG49    152.7514     49.094      3.111      0.002      56.528     248.974
RET_LAG5      47.9439     48.849      0.981      0.326     -47.798     143.686
RET_LAG50    -16.7258     51.267     -0.326      0.744    -117.208      83.756
RET_LAG51    103.9769     48.540      2.142      0.032       8.840     199.114
RET_LAG52    -15.5290     51.349     -0.302      0.762    -116.170      85.112
RET_LAG53     47.8287     50.358      0.950      0.342     -50.871     146.528
RET_LAG54     90.2515     50.259      1.796      0.073      -8.254     188.757
RET_LAG55     48.1267     51.534      0.934      0.350     -52.878     149.131
RET_LAG56    -32.8208     51.242     -0.641      0.522    -133.253      67.611
RET_LAG57    107.3544     49.408      2.173      0.030      10.516     204.193
RET_LAG58     -8.0720     51.626     -0.156      0.876    -109.257      93.113
RET_LAG59    -25.7016     50.080     -0.513      0.608    -123.858      72.454
RET_LAG6     120.1414     46.812      2.566      0.010      28.392     211.891
RET_LAG60    100.4385     49.706      2.021      0.043       3.016     197.860
RET_LAG61    -34.2203     51.865     -0.660      0.509    -135.874      67.434
RET_LAG62    -54.3781     52.162     -1.042      0.297    -156.615      47.858
RET_LAG63   -156.7318     53.704     -2.918      0.004    -261.990     -51.473
RET_LAG64    -45.2670     51.211     -0.884      0.377    -145.638      55.104
RET_LAG65     60.7253     50.676      1.198      0.231     -38.598     160.049
RET_LAG66     65.6832     50.914      1.290      0.197     -34.106     165.472
RET_LAG67     60.4082     50.837      1.188      0.235     -39.231     160.047
RET_LAG68     97.2940     53.021      1.835      0.067      -6.624     201.212
RET_LAG69    -35.0123     53.246     -0.658      0.511    -139.372      69.348
RET_LAG7     -58.8438     49.970     -1.178      0.239    -156.783      39.095
RET_LAG70     31.8222     51.607      0.617      0.537     -69.326     132.971
RET_LAG71    -11.8685     53.897     -0.220      0.826    -117.505      93.769
RET_LAG72     29.1658     52.564      0.555      0.579     -73.857     132.189
RET_LAG73    -48.2183     52.881     -0.912      0.362    -151.863      55.426
RET_LAG74     76.9786     50.999      1.509      0.131     -22.978     176.935
RET_LAG75   -108.3237     54.635     -1.983      0.047    -215.406      -1.242
RET_LAG76    -72.1337     54.457     -1.325      0.185    -178.868      34.600
RET_LAG77    -89.4998     54.863     -1.631      0.103    -197.030      18.030
RET_LAG78     -8.9245     53.459     -0.167      0.867    -113.702      95.853
RET_LAG79    -29.9840     53.893     -0.556      0.578    -135.612      75.644
RET_LAG8       4.2763     48.397      0.088      0.930     -90.581      99.133
RET_LAG80     12.4490     53.462      0.233      0.816     -92.335     117.233
RET_LAG81     12.5493     53.382      0.235      0.814     -92.077     117.176
RET_LAG82     11.2336     54.598      0.206      0.837     -95.776     118.243
RET_LAG83    -52.9327     54.097     -0.978      0.328    -158.961      53.095
RET_LAG84      3.6042     52.932      0.068      0.946    -100.141     107.350
RET_LAG85     74.8784     52.199      1.434      0.151     -27.430     177.187
RET_LAG86     82.7170     54.601      1.515      0.130     -24.299     189.733
RET_LAG87    -10.2442     54.034     -0.190      0.850    -116.150      95.661
RET_LAG88    -60.3154     53.467     -1.128      0.259    -165.108      44.477
RET_LAG89     98.6104     51.475      1.916      0.055      -2.278     199.499
RET_LAG9      57.5663     47.936      1.201      0.230     -36.387     151.520
RET_LAG90     74.1486     54.442      1.362      0.173     -32.556     180.853
VIOL_LAG1      0.8945      0.140      6.393      0.000       0.620       1.169
VIOL_LAG10     0.3810      0.148      2.574      0.010       0.091       0.671
VIOL_LAG11     0.5039      0.145      3.466      0.001       0.219       0.789
VIOL_LAG12     0.1907      0.150      1.272      0.203      -0.103       0.484
VIOL_LAG13     0.5518      0.144      3.828      0.000       0.269       0.834
VIOL_LAG14     0.1073      0.153      0.700      0.484      -0.193       0.407
VIOL_LAG15     0.4154      0.147      2.832      0.005       0.128       0.703
VIOL_LAG16     0.1551      0.151      1.024      0.306      -0.142       0.452
VIOL_LAG17    -0.1594      0.157     -1.018      0.309      -0.466       0.148
VIOL_LAG18     0.2975      0.151      1.973      0.049       0.002       0.593
VIOL_LAG19     0.1898      0.153      1.240      0.215      -0.110       0.490
VIOL_LAG2      0.3219      0.146      2.198      0.028       0.035       0.609
VIOL_LAG20     0.1855      0.152      1.218      0.223      -0.113       0.484
VIOL_LAG21     0.1297      0.156      0.833      0.405      -0.176       0.435
VIOL_LAG22     0.0808      0.156      0.520      0.603      -0.224       0.386
VIOL_LAG23    -0.0533      0.160     -0.333      0.739      -0.367       0.261
VIOL_LAG24    -0.0630      0.160     -0.395      0.693      -0.376       0.250
VIOL_LAG25     0.0608      0.157      0.388      0.698      -0.247       0.368
VIOL_LAG26     0.1184      0.157      0.752      0.452      -0.190       0.427
VIOL_LAG27     0.0748      0.157      0.476      0.634      -0.233       0.383
VIOL_LAG28    -0.0041      0.161     -0.025      0.980      -0.320       0.312
VIOL_LAG29     0.2442      0.155      1.580      0.114      -0.059       0.547
VIOL_LAG3      0.5421      0.145      3.747      0.000       0.259       0.826
VIOL_LAG30     0.1794      0.158      1.139      0.255      -0.129       0.488
VIOL_LAG31     0.3311      0.155      2.143      0.032       0.028       0.634
VIOL_LAG32    -0.0560      0.162     -0.345      0.730      -0.374       0.262
VIOL_LAG33     0.1910      0.157      1.216      0.224      -0.117       0.499
VIOL_LAG34     0.0985      0.159      0.619      0.536      -0.213       0.410
VIOL_LAG35     0.0328      0.160      0.205      0.838      -0.281       0.347
VIOL_LAG36     0.0823      0.158      0.520      0.603      -0.228       0.392
VIOL_LAG37    -0.0286      0.162     -0.177      0.860      -0.346       0.289
VIOL_LAG38     0.0246      0.165      0.149      0.881      -0.298       0.347
VIOL_LAG39     0.0183      0.162      0.113      0.910      -0.300       0.336
VIOL_LAG4      0.5834      0.144      4.046      0.000       0.301       0.866
VIOL_LAG40    -0.0598      0.165     -0.362      0.718      -0.384       0.264
VIOL_LAG41    -0.0394      0.163     -0.241      0.809      -0.359       0.280
VIOL_LAG42     0.2348      0.158      1.486      0.137      -0.075       0.544
VIOL_LAG43     0.1814      0.158      1.147      0.251      -0.129       0.491
VIOL_LAG44    -0.2001      0.166     -1.208      0.227      -0.525       0.125
VIOL_LAG45     0.0645      0.163      0.396      0.692      -0.255       0.384
VIOL_LAG46     0.3529      0.157      2.255      0.024       0.046       0.660
VIOL_LAG47     0.5152      0.152      3.379      0.001       0.216       0.814
VIOL_LAG48     0.1048      0.161      0.652      0.515      -0.210       0.420
VIOL_LAG49     0.4008      0.157      2.549      0.011       0.093       0.709
VIOL_LAG5      0.2443      0.149      1.637      0.102      -0.048       0.537
VIOL_LAG50    -0.2010      0.169     -1.187      0.235      -0.533       0.131
VIOL_LAG51     0.1814      0.160      1.131      0.258      -0.133       0.496
VIOL_LAG52    -0.1666      0.169     -0.987      0.323      -0.497       0.164
VIOL_LAG53     0.2786      0.159      1.755      0.079      -0.032       0.590
VIOL_LAG54    -0.0527      0.168     -0.313      0.754      -0.383       0.277
VIOL_LAG55     0.2879      0.159      1.809      0.070      -0.024       0.600
VIOL_LAG56    -0.0369      0.165     -0.224      0.823      -0.360       0.286
VIOL_LAG57     0.2712      0.161      1.690      0.091      -0.043       0.586
VIOL_LAG58     0.1331      0.161      0.825      0.409      -0.183       0.449
VIOL_LAG59    -0.0934      0.167     -0.558      0.577      -0.422       0.235
VIOL_LAG6      0.5105      0.146      3.505      0.000       0.225       0.796
VIOL_LAG60     0.3108      0.159      1.951      0.051      -0.001       0.623
VIOL_LAG61    -0.1480      0.169     -0.877      0.380      -0.479       0.183
VIOL_LAG62    -0.0653      0.166     -0.393      0.694      -0.390       0.260
VIOL_LAG63    -0.2658      0.171     -1.552      0.121      -0.601       0.070
VIOL_LAG64    -0.0583      0.167     -0.350      0.726      -0.385       0.268
VIOL_LAG65     0.1960      0.165      1.188      0.235      -0.127       0.519
VIOL_LAG66     0.2052      0.163      1.257      0.209      -0.115       0.525
VIOL_LAG67     0.0641      0.169      0.379      0.705      -0.267       0.395
VIOL_LAG68    -0.1556      0.178     -0.873      0.383      -0.505       0.194
VIOL_LAG69    -0.0092      0.169     -0.055      0.956      -0.340       0.322
VIOL_LAG7      0.0475      0.152      0.313      0.754      -0.250       0.345
VIOL_LAG70     0.3558      0.160      2.224      0.026       0.042       0.669
VIOL_LAG71    -0.0483      0.172     -0.281      0.778      -0.385       0.288
VIOL_LAG72    -0.0608      0.173     -0.351      0.726      -0.400       0.279
VIOL_LAG73     0.0653      0.165      0.396      0.692      -0.258       0.388
VIOL_LAG74     0.3593      0.163      2.198      0.028       0.039       0.680
VIOL_LAG75    -0.2471      0.174     -1.419      0.156      -0.588       0.094
VIOL_LAG76    -0.3855      0.180     -2.142      0.032      -0.738      -0.033
VIOL_LAG77    -0.2470      0.178     -1.388      0.165      -0.596       0.102
VIOL_LAG78     0.0825      0.169      0.488      0.626      -0.249       0.414
VIOL_LAG79    -0.1193      0.176     -0.677      0.499      -0.465       0.226
VIOL_LAG8      0.0491      0.154      0.320      0.749      -0.252       0.350
VIOL_LAG80     0.0916      0.170      0.540      0.589      -0.241       0.424
VIOL_LAG81     0.2140      0.167      1.284      0.199      -0.113       0.541
VIOL_LAG82    -0.2971      0.185     -1.603      0.109      -0.660       0.066
VIOL_LAG83     0.1690      0.167      1.013      0.311      -0.158       0.496
VIOL_LAG84     0.1794      0.167      1.076      0.282      -0.147       0.506
VIOL_LAG85     0.2900      0.167      1.738      0.082      -0.037       0.617
VIOL_LAG86     0.3372      0.167      2.014      0.044       0.009       0.665
VIOL_LAG87     0.0598      0.172      0.347      0.728      -0.278       0.397
VIOL_LAG88     0.0238      0.169      0.141      0.888      -0.308       0.356
VIOL_LAG89     0.1509      0.170      0.888      0.375      -0.182       0.484
VIOL_LAG9      0.1861      0.152      1.226      0.220      -0.111       0.484
VIOL_LAG90     0.1113      0.174      0.641      0.522      -0.229       0.452
VOL_LAG1    8.302e-08   8.55e-08      0.971      0.331   -8.45e-08    2.51e-07
VOL_LAG10  -9.326e-08   1.73e-07     -0.539      0.590   -4.33e-07    2.46e-07
VOL_LAG11   1.255e-07   9.64e-08      1.303      0.193   -6.33e-08    3.14e-07
VOL_LAG12   7.882e-08   1.19e-07      0.663      0.508   -1.54e-07    3.12e-07
VOL_LAG13   7.779e-08   1.03e-07      0.757      0.449   -1.24e-07    2.79e-07
VOL_LAG14   8.308e-08   1.25e-07      0.665      0.506   -1.62e-07    3.28e-07
VOL_LAG15   1.384e-09   1.32e-07      0.010      0.992   -2.58e-07    2.61e-07
VOL_LAG16   1.215e-07   1.16e-07      1.047      0.295   -1.06e-07    3.49e-07
VOL_LAG17  -1.896e-07   2.45e-07     -0.773      0.439    -6.7e-07    2.91e-07
VOL_LAG18  -6.717e-09   1.69e-07     -0.040      0.968   -3.38e-07    3.25e-07
VOL_LAG19   7.742e-08   1.27e-07      0.611      0.541   -1.71e-07    3.26e-07
VOL_LAG2    2.279e-07   7.25e-08      3.144      0.002    8.59e-08     3.7e-07
VOL_LAG20  -5.535e-08   1.53e-07     -0.362      0.718   -3.55e-07    2.45e-07
VOL_LAG21  -7.805e-08   2.01e-07     -0.388      0.698   -4.72e-07    3.16e-07
VOL_LAG22  -1.415e-07   2.28e-07     -0.619      0.536   -5.89e-07    3.06e-07
VOL_LAG23   1.529e-07   1.11e-07      1.375      0.169   -6.51e-08    3.71e-07
VOL_LAG24  -4.937e-09   1.59e-07     -0.031      0.975   -3.17e-07    3.08e-07
VOL_LAG25    6.51e-08   1.27e-07      0.511      0.609   -1.85e-07    3.15e-07
VOL_LAG26   5.882e-09   1.65e-07      0.036      0.971   -3.17e-07    3.28e-07
VOL_LAG27  -1.051e-07    2.3e-07     -0.457      0.647   -5.56e-07    3.45e-07
VOL_LAG28  -5.087e-08   2.08e-07     -0.245      0.806   -4.58e-07    3.56e-07
VOL_LAG29  -1.133e-07   2.25e-07     -0.504      0.614   -5.54e-07    3.27e-07
VOL_LAG3    9.128e-08   8.95e-08      1.020      0.308   -8.42e-08    2.67e-07
VOL_LAG30    1.49e-07   1.14e-07      1.303      0.193   -7.52e-08    3.73e-07
VOL_LAG31  -6.818e-08   2.14e-07     -0.319      0.750   -4.88e-07    3.51e-07
VOL_LAG32  -1.102e-07   2.27e-07     -0.485      0.628   -5.56e-07    3.35e-07
VOL_LAG33  -1.785e-07   2.65e-07     -0.674      0.501   -6.98e-07    3.41e-07
VOL_LAG34  -1.293e-07   2.44e-07     -0.530      0.596   -6.07e-07    3.49e-07
VOL_LAG35  -9.264e-08   2.38e-07     -0.389      0.697   -5.59e-07    3.74e-07
VOL_LAG36   9.757e-08   1.29e-07      0.756      0.450   -1.55e-07    3.51e-07
VOL_LAG37  -5.522e-09    1.7e-07     -0.032      0.974   -3.39e-07    3.28e-07
VOL_LAG38   1.401e-07   1.17e-07      1.200      0.230   -8.88e-08    3.69e-07
VOL_LAG39  -2.399e-07   3.18e-07     -0.755      0.450   -8.63e-07    3.83e-07
VOL_LAG4    3.568e-08   1.03e-07      0.348      0.728   -1.66e-07    2.37e-07
VOL_LAG40  -1.051e-07   2.38e-07     -0.441      0.659   -5.72e-07    3.62e-07
VOL_LAG41   1.259e-07   1.38e-07      0.915      0.360   -1.44e-07    3.96e-07
VOL_LAG42  -3.326e-07   3.46e-07     -0.961      0.336   -1.01e-06    3.46e-07
VOL_LAG43   1.899e-07      1e-07      1.900      0.057   -5.95e-09    3.86e-07
VOL_LAG44  -1.017e-07   2.46e-07     -0.414      0.679   -5.83e-07     3.8e-07
VOL_LAG45  -6.119e-07   4.26e-07     -1.436      0.151   -1.45e-06    2.23e-07
VOL_LAG46  -1.446e-07    2.3e-07     -0.628      0.530   -5.96e-07    3.07e-07
VOL_LAG47   1.311e-07   1.21e-07      1.085      0.278   -1.06e-07    3.68e-07
VOL_LAG48   1.168e-07   1.22e-07      0.960      0.337   -1.22e-07    3.55e-07
VOL_LAG49  -1.796e-07   2.62e-07     -0.686      0.492   -6.92e-07    3.33e-07
VOL_LAG5    1.405e-08   1.19e-07      0.118      0.906   -2.18e-07    2.47e-07
VOL_LAG50   -7.36e-08   2.05e-07     -0.360      0.719   -4.75e-07    3.27e-07
VOL_LAG51  -4.187e-08   1.86e-07     -0.225      0.822   -4.07e-07    3.23e-07
VOL_LAG52   1.368e-07    1.2e-07      1.136      0.256   -9.93e-08    3.73e-07
VOL_LAG53  -2.279e-07   2.98e-07     -0.766      0.444   -8.11e-07    3.55e-07
VOL_LAG54   1.045e-07   1.12e-07      0.932      0.352   -1.15e-07    3.24e-07
VOL_LAG55   3.418e-08   1.33e-07      0.258      0.796   -2.26e-07    2.94e-07
VOL_LAG56   7.075e-08   1.25e-07      0.566      0.571   -1.74e-07    3.16e-07
VOL_LAG57    5.55e-09   1.64e-07      0.034      0.973   -3.15e-07    3.27e-07
VOL_LAG58  -5.322e-08   1.97e-07     -0.270      0.787    -4.4e-07    3.34e-07
VOL_LAG59  -6.927e-08   1.99e-07     -0.349      0.727   -4.58e-07     3.2e-07
VOL_LAG6    3.082e-08   1.06e-07      0.291      0.771   -1.76e-07    2.38e-07
VOL_LAG60   1.598e-07   9.89e-08      1.616      0.106    -3.4e-08    3.54e-07
VOL_LAG61   5.652e-08   1.31e-07      0.432      0.665      -2e-07    3.13e-07
VOL_LAG62   4.979e-08   1.39e-07      0.359      0.720   -2.22e-07    3.22e-07
VOL_LAG63  -7.252e-08   2.11e-07     -0.343      0.731   -4.87e-07    3.42e-07
VOL_LAG64   4.016e-08   1.51e-07      0.266      0.790   -2.56e-07    3.36e-07
VOL_LAG65  -2.658e-08   2.05e-07     -0.130      0.897   -4.28e-07    3.75e-07
VOL_LAG66    9.63e-08   1.29e-07      0.745      0.456   -1.57e-07     3.5e-07
VOL_LAG67   2.168e-07   1.21e-07      1.788      0.074   -2.09e-08    4.54e-07
VOL_LAG68  -5.495e-07   4.45e-07     -1.236      0.217   -1.42e-06    3.22e-07
VOL_LAG69  -8.641e-08   2.23e-07     -0.387      0.698   -5.23e-07    3.51e-07
VOL_LAG7    2.909e-08   1.12e-07      0.260      0.795   -1.91e-07    2.49e-07
VOL_LAG70   -9.57e-08   2.77e-07     -0.346      0.729   -6.38e-07    4.46e-07
VOL_LAG71   -3.93e-07   3.89e-07     -1.011      0.312   -1.15e-06    3.69e-07
VOL_LAG72  -6.258e-09   1.84e-07     -0.034      0.973   -3.67e-07    3.54e-07
VOL_LAG73    1.19e-07   1.26e-07      0.946      0.344   -1.28e-07    3.66e-07
VOL_LAG74   4.317e-08   1.91e-07      0.226      0.821   -3.31e-07    4.18e-07
VOL_LAG75  -3.778e-07   3.93e-07     -0.961      0.336   -1.15e-06    3.93e-07
VOL_LAG76  -3.752e-08   1.91e-07     -0.196      0.844   -4.12e-07    3.37e-07
VOL_LAG77   9.283e-08   1.57e-07      0.592      0.554   -2.15e-07       4e-07
VOL_LAG78  -9.983e-08   2.33e-07     -0.428      0.669   -5.57e-07    3.57e-07
VOL_LAG79   -1.59e-07   2.59e-07     -0.613      0.540   -6.67e-07    3.49e-07
VOL_LAG8    1.558e-08   1.18e-07      0.132      0.895   -2.17e-07    2.48e-07
VOL_LAG80   1.418e-07   1.15e-07      1.229      0.219   -8.44e-08    3.68e-07
VOL_LAG81  -1.689e-08   2.01e-07     -0.084      0.933    -4.1e-07    3.76e-07
VOL_LAG82  -1.516e-07   2.87e-07     -0.528      0.598   -7.14e-07    4.11e-07
VOL_LAG83  -1.657e-08   1.77e-07     -0.093      0.926   -3.64e-07    3.31e-07
VOL_LAG84   8.306e-08   1.49e-07      0.558      0.577   -2.09e-07    3.75e-07
VOL_LAG85  -3.514e-08   2.34e-07     -0.150      0.880   -4.93e-07    4.23e-07
VOL_LAG86  -7.014e-07   5.31e-07     -1.322      0.186   -1.74e-06    3.39e-07
VOL_LAG87  -2.293e-07   3.41e-07     -0.672      0.501   -8.98e-07    4.39e-07
VOL_LAG88  -1.582e-07   2.75e-07     -0.575      0.565   -6.98e-07    3.81e-07
VOL_LAG89   3.998e-08   1.56e-07      0.256      0.798   -2.66e-07    3.46e-07
VOL_LAG9    1.066e-07   9.88e-08      1.079      0.281    -8.7e-08       3e-07
VOL_LAG90  -4.895e-08   1.89e-07     -0.259      0.795   -4.19e-07    3.21e-07
==============================================================================