                 Generalized Linear Model Regression Results                  
==============================================================================
Dep. Variable:                      Y   No. Observations:                15172
Model:                            GLM   Df Residuals:                    14898
Model Family:                Binomial   Df Model:                          273
Link Function:                  Logit   Scale:                          1.0000
Method:                          IRLS   Log-Likelihood:                -3076.5
Date:                Sun, 17 Mar 2024   Deviance:                       6152.9
Time:                        19:22:46   Pearson chi2:                 1.44e+04
No. Iterations:                    10   Pseudo R-squ. (CS):            0.06805
Covariance Type:            nonrobust                                         
================================================================================
                   coef    std err          z      P>|z|      [0.025      0.975]
--------------------------------------------------------------------------------
Intercept       -3.6154      0.067    -54.314      0.000      -3.746      -3.485
RET_LAG1       205.7500     45.546      4.517      0.000     116.482     295.018
RET_LAG10       40.9296     48.512      0.844      0.399     -54.152     136.011
RET_LAG11      106.3107     51.649      2.058      0.040       5.080     207.541
RET_LAG12       14.4945     49.378      0.294      0.769     -82.284     111.273
RET_LAG13      120.4242     52.761      2.282      0.022      17.014     223.835
RET_LAG14       58.8896     48.252      1.220      0.222     -35.683     153.462
RET_LAG15       12.1221     48.196      0.252      0.801     -82.341     106.585
RET_LAG16       37.4500     52.592      0.712      0.476     -65.628     140.528
RET_LAG17      -57.9069     50.974     -1.136      0.256    -157.815      42.001
RET_LAG18      117.9490     52.171      2.261      0.024      15.696     220.202
RET_LAG19       96.7599     51.581      1.876      0.061      -4.337     197.857
RET_LAG2       -19.6617     51.804     -0.380      0.704    -121.196      81.872
RET_LAG20       -3.6071     51.402     -0.070      0.944    -104.353      97.139
RET_LAG21       17.6013     49.284      0.357      0.721     -78.993     114.196
RET_LAG22        4.4643     50.959      0.088      0.930     -95.414     104.343
RET_LAG23       14.3988     50.620      0.284      0.776     -84.814     113.612
RET_LAG24       29.7817     54.426      0.547      0.584     -76.891     136.454
RET_LAG25       16.6208     49.925      0.333      0.739     -81.231     114.473
RET_LAG26       37.0374     49.331      0.751      0.453     -59.650     133.725
RET_LAG27       -2.0326     50.189     -0.040      0.968    -100.401      96.336
RET_LAG28       72.4933     51.899      1.397      0.162     -29.226     174.212
RET_LAG29       23.3164     50.954      0.458      0.647     -76.552     123.185
RET_LAG3       154.9844     47.042      3.295      0.001      62.783     247.186
RET_LAG30       56.4859     53.077      1.064      0.287     -47.544     160.516
RET_LAG31       99.6713     53.807      1.852      0.064      -5.789     205.131
RET_LAG32      -19.9311     50.857     -0.392      0.695    -119.609      79.746
RET_LAG33       37.8605     54.331      0.697      0.486     -68.627     144.348
RET_LAG34       -5.9028     57.782     -0.102      0.919    -119.154     107.348
RET_LAG35      -13.2849     55.198     -0.241      0.810    -121.470      94.900
RET_LAG36       40.2435     50.257      0.801      0.423     -58.259     138.746
RET_LAG37        1.0878     55.530      0.020      0.984    -107.749     109.924
RET_LAG38       89.1580     49.748      1.792      0.073      -8.346     186.662
RET_LAG39      -38.6529     55.080     -0.702      0.483    -146.607      69.301
RET_LAG4       135.9733     48.450      2.806      0.005      41.014     230.933
RET_LAG40       63.6279     53.823      1.182      0.237     -41.863     169.119
RET_LAG41      -47.1535     51.206     -0.921      0.357    -147.515      53.208
RET_LAG42       34.7270     52.896      0.657      0.511     -68.947     138.401
RET_LAG43       66.5530     53.124      1.253      0.210     -37.567     170.673
RET_LAG44      -65.0255     51.782     -1.256      0.209    -166.517      36.466
RET_LAG45       11.4067     53.381      0.214      0.831     -93.217     116.031
RET_LAG46      105.7390     56.339      1.877      0.061      -4.683     216.161
RET_LAG47       91.9988     49.999      1.840      0.066      -5.997     189.995
RET_LAG48       71.3186     50.652      1.408      0.159     -27.958     170.595
RET_LAG49      147.9114     52.773      2.803      0.005      44.479     251.344
RET_LAG5        60.4500     50.031      1.208      0.227     -37.609     158.509
RET_LAG50        9.9686     57.328      0.174      0.862    -102.392     122.330
RET_LAG51      108.4549     54.640      1.985      0.047       1.362     215.548
RET_LAG52        9.9414     59.332      0.168      0.867    -106.348     126.231
RET_LAG53       46.7035     51.102      0.914      0.361     -53.454     146.861
RET_LAG54       87.8161     52.825      1.662      0.096     -15.719     191.351
RET_LAG55       48.5411     53.074      0.915      0.360     -55.483     152.565
RET_LAG56      -38.1247     52.730     -0.723      0.470    -141.473      65.224
RET_LAG57      127.4162     54.555      2.336      0.020      20.491     234.342
RET_LAG58      -15.1971     50.954     -0.298      0.766    -115.065      84.671
RET_LAG59      -44.0962     51.222     -0.861      0.389    -144.490      56.297
RET_LAG6       117.6962     48.074      2.448      0.014      23.474     211.919
RET_LAG60       85.7329     56.153      1.527      0.127     -24.326     195.792
RET_LAG61        0.6455     59.643      0.011      0.991    -116.252     117.543
RET_LAG62      -62.5527     54.301     -1.152      0.249    -168.982      43.876
RET_LAG63     -139.9701     54.625     -2.562      0.010    -247.034     -32.906
RET_LAG64      -43.5568     53.491     -0.814      0.415    -148.397      61.284
RET_LAG65       90.7987     58.065      1.564      0.118     -23.007     204.605
RET_LAG66       60.9713     52.233      1.167      0.243     -41.404     163.346
RET_LAG67       51.5524     51.933      0.993      0.321     -50.234     153.339
RET_LAG68      100.5931     59.050      1.704      0.088     -15.143     216.329
RET_LAG69      -42.8387     60.483     -0.708      0.479    -161.383      75.705
RET_LAG7       -67.5299     49.752     -1.357      0.175    -165.042      29.983
RET_LAG70       59.2243     58.188      1.018      0.309     -54.821     173.270
RET_LAG71       -3.3413     54.977     -0.061      0.952    -111.094     104.411
RET_LAG72       28.0011     54.782      0.511      0.609     -79.370     135.372
RET_LAG73      -56.7852     54.432     -1.043      0.297    -163.470      49.900
RET_LAG74       52.6931     54.349      0.970      0.332     -53.828     159.214
RET_LAG75     -107.2358     61.913     -1.732      0.083    -228.584      14.112
RET_LAG76      -55.6043     57.733     -0.963      0.335    -168.758      57.550
RET_LAG77     -106.6098     58.523     -1.822      0.069    -221.313       8.093
RET_LAG78      -20.4619     54.567     -0.375      0.708    -127.412      86.488
RET_LAG79      -42.4826     53.703     -0.791      0.429    -147.738      62.773
RET_LAG8        -6.0919     49.114     -0.124      0.901    -102.353      90.170
RET_LAG80        3.1645     56.706      0.056      0.955    -107.977     114.306
RET_LAG81       31.0531     59.253      0.524      0.600     -85.080     147.186
RET_LAG82        3.6736     59.565      0.062      0.951    -113.072     120.419
RET_LAG83      -42.7851     56.300     -0.760      0.447    -153.131      67.560
RET_LAG84       22.8941     54.597      0.419      0.675     -84.114     129.902
RET_LAG85       74.8981     52.665      1.422      0.155     -28.323     178.119
RET_LAG86       74.6242     56.770      1.314      0.189     -36.644     185.892
RET_LAG87      -22.2099     55.297     -0.402      0.688    -130.589      86.170
RET_LAG88      -64.9659     60.067     -1.082      0.279    -182.696      52.764
RET_LAG89      131.5464     58.847      2.235      0.025      16.209     246.884
RET_LAG9        55.9372     50.019      1.118      0.263     -42.099     153.973
RET_LAG90      102.6358     58.869      1.743      0.081     -12.746     218.017
SQ_RET_LAG1   7.369e+04    1.1e+04      6.676      0.000    5.21e+04    9.53e+04
SQ_RET_LAG10  1.692e+04   1.16e+04      1.455      0.146   -5869.351    3.97e+04
SQ_RET_LAG11 -1.309e+04   1.41e+04     -0.926      0.355   -4.08e+04    1.46e+04
SQ_RET_LAG12  1.134e+04   1.27e+04      0.891      0.373   -1.36e+04    3.63e+04
SQ_RET_LAG13 -2.017e+04   1.51e+04     -1.334      0.182   -4.98e+04    9469.282
SQ_RET_LAG14  1.178e+04   1.17e+04      1.010      0.312   -1.11e+04    3.46e+04
SQ_RET_LAG15  1.785e+04   1.14e+04      1.567      0.117   -4475.081    4.02e+04
SQ_RET_LAG16 -1.981e+04   1.43e+04     -1.386      0.166   -4.78e+04    8198.098
SQ_RET_LAG17 -1891.0720   1.39e+04     -0.136      0.892   -2.92e+04    2.54e+04
SQ_RET_LAG18 -4790.8660    1.4e+04     -0.342      0.733   -3.23e+04    2.27e+04
SQ_RET_LAG19   247.3389    1.4e+04      0.018      0.986   -2.73e+04    2.78e+04
SQ_RET_LAG2  -2.578e+04   1.28e+04     -2.014      0.044   -5.09e+04    -691.693
SQ_RET_LAG20 -6749.2770   1.32e+04     -0.512      0.609   -3.26e+04    1.91e+04
SQ_RET_LAG21  1.523e+04   1.19e+04      1.280      0.201   -8088.535    3.85e+04
SQ_RET_LAG22 -2963.2851   1.32e+04     -0.224      0.823   -2.89e+04     2.3e+04
SQ_RET_LAG23  5021.9587   1.32e+04      0.379      0.704   -2.09e+04     3.1e+04
SQ_RET_LAG24 -1.304e+04   1.65e+04     -0.792      0.428   -4.53e+04    1.92e+04
SQ_RET_LAG25  6462.8317   1.24e+04      0.521      0.602   -1.79e+04    3.08e+04
SQ_RET_LAG26   1.66e+04   1.21e+04      1.371      0.170   -7138.136    4.03e+04
SQ_RET_LAG27  1716.2212   1.21e+04      0.142      0.887   -2.19e+04    2.54e+04
SQ_RET_LAG28   249.8001   1.34e+04      0.019      0.985    -2.6e+04    2.65e+04
SQ_RET_LAG29  4960.7716   1.29e+04      0.385      0.700   -2.03e+04    3.02e+04
SQ_RET_LAG3   2.077e+04   1.08e+04      1.932      0.053    -302.413    4.18e+04
SQ_RET_LAG30 -1.112e+04    1.5e+04     -0.742      0.458   -4.05e+04    1.83e+04
SQ_RET_LAG31 -1.209e+04   1.65e+04     -0.730      0.465   -4.45e+04    2.03e+04
SQ_RET_LAG32  9851.5262   1.37e+04      0.717      0.473   -1.71e+04    3.68e+04
SQ_RET_LAG33 -1.389e+04   1.56e+04     -0.891      0.373   -4.44e+04    1.67e+04
SQ_RET_LAG34 -4.635e+04   2.25e+04     -2.056      0.040   -9.05e+04   -2160.451
SQ_RET_LAG35 -3.033e+04   1.72e+04     -1.765      0.077    -6.4e+04    3341.975
SQ_RET_LAG36  2.739e+04   1.27e+04      2.164      0.030    2586.232    5.22e+04
SQ_RET_LAG37 -3.505e+04   1.59e+04     -2.210      0.027   -6.61e+04   -3966.551
SQ_RET_LAG38  3.643e+04   1.27e+04      2.859      0.004    1.15e+04    6.14e+04
SQ_RET_LAG39 -2.207e+04   1.68e+04     -1.317      0.188   -5.49e+04    1.08e+04
SQ_RET_LAG4   7598.9480   1.14e+04      0.666      0.505   -1.48e+04       3e+04
SQ_RET_LAG40   384.4586   1.53e+04      0.025      0.980   -2.97e+04    3.05e+04
SQ_RET_LAG41  3691.3412   1.25e+04      0.296      0.767   -2.07e+04    2.81e+04
SQ_RET_LAG42  -252.5025   1.37e+04     -0.018      0.985   -2.71e+04    2.66e+04
SQ_RET_LAG43 -5803.7372   1.42e+04     -0.409      0.683   -3.36e+04     2.2e+04
SQ_RET_LAG44  8397.0735   1.25e+04      0.670      0.503   -1.62e+04     3.3e+04
SQ_RET_LAG45   785.3762   1.37e+04      0.057      0.954   -2.61e+04    2.77e+04
SQ_RET_LAG46 -2.614e+04    1.9e+04     -1.373      0.170   -6.34e+04    1.12e+04
SQ_RET_LAG47   1.68e+04   1.13e+04      1.489      0.136   -5311.284    3.89e+04
SQ_RET_LAG48 -4669.5790   1.09e+04     -0.427      0.669   -2.61e+04    1.68e+04
SQ_RET_LAG49  1.268e+04   1.27e+04      0.996      0.319   -1.23e+04    3.76e+04
SQ_RET_LAG5   2036.3097   1.18e+04      0.173      0.863   -2.11e+04    2.51e+04
SQ_RET_LAG50 -2.195e+04   2.02e+04     -1.089      0.276   -6.15e+04    1.76e+04
SQ_RET_LAG51 -1.331e+04   1.53e+04     -0.870      0.384   -4.33e+04    1.67e+04
SQ_RET_LAG52  -4.45e+04    2.3e+04     -1.935      0.053   -8.96e+04     571.949
SQ_RET_LAG53  1.504e+04   1.17e+04      1.287      0.198   -7863.993    3.79e+04
SQ_RET_LAG54 -3506.9139   1.28e+04     -0.273      0.784   -2.86e+04    2.16e+04
SQ_RET_LAG55  6041.6380   1.39e+04      0.435      0.663   -2.12e+04    3.32e+04
SQ_RET_LAG56  -608.8928   1.28e+04     -0.048      0.962   -2.56e+04    2.44e+04
SQ_RET_LAG57 -6422.1633   1.42e+04     -0.451      0.652   -3.43e+04    2.15e+04
SQ_RET_LAG58  1.304e+04   1.12e+04      1.161      0.246   -8980.689    3.51e+04
SQ_RET_LAG59  2108.8060   1.12e+04      0.189      0.850   -1.98e+04     2.4e+04
SQ_RET_LAG6   3566.4129    1.1e+04      0.323      0.747   -1.81e+04    2.52e+04
SQ_RET_LAG60 -1371.3454   1.44e+04     -0.095      0.924   -2.96e+04    2.68e+04
SQ_RET_LAG61 -3.715e+04   2.22e+04     -1.676      0.094   -8.06e+04    6282.111
SQ_RET_LAG62  7577.9984   1.39e+04      0.545      0.586   -1.97e+04    3.48e+04
SQ_RET_LAG63 -4236.5577   1.27e+04     -0.335      0.738    -2.9e+04    2.06e+04
SQ_RET_LAG64  1.134e+04   1.25e+04      0.910      0.363   -1.31e+04    3.58e+04
SQ_RET_LAG65 -2.019e+04   1.62e+04     -1.246      0.213   -5.19e+04    1.16e+04
SQ_RET_LAG66  4389.4137   1.18e+04      0.372      0.710   -1.87e+04    2.75e+04
SQ_RET_LAG67  1.121e+04   1.14e+04      0.985      0.325   -1.11e+04    3.35e+04
SQ_RET_LAG68 -5759.2754   1.51e+04     -0.380      0.704   -3.54e+04    2.39e+04
SQ_RET_LAG69 -3.638e+04   2.15e+04     -1.688      0.091   -7.86e+04    5851.943
SQ_RET_LAG7   9743.2353   1.21e+04      0.805      0.421    -1.4e+04    3.35e+04
SQ_RET_LAG70 -2.836e+04   1.85e+04     -1.534      0.125   -6.46e+04    7873.269
SQ_RET_LAG71  4642.3933   1.31e+04      0.354      0.723   -2.11e+04    3.04e+04
SQ_RET_LAG72  7124.7007   1.27e+04      0.562      0.574   -1.77e+04     3.2e+04
SQ_RET_LAG73  3833.7097    1.2e+04      0.321      0.748   -1.96e+04    2.73e+04
SQ_RET_LAG74  5450.7441   1.29e+04      0.423      0.672   -1.98e+04    3.07e+04
SQ_RET_LAG75 -4.226e+04    2.3e+04     -1.838      0.066   -8.73e+04    2813.674
SQ_RET_LAG76  1202.1191   1.66e+04      0.072      0.942   -3.14e+04    3.38e+04
SQ_RET_LAG77 -1.388e+04   1.66e+04     -0.836      0.403   -4.64e+04    1.86e+04
SQ_RET_LAG78  5223.9927   1.22e+04      0.429      0.668   -1.87e+04    2.91e+04
SQ_RET_LAG79  1.108e+04   1.17e+04      0.951      0.342   -1.18e+04    3.39e+04
SQ_RET_LAG8   4192.2783   1.18e+04      0.356      0.722   -1.89e+04    2.73e+04
SQ_RET_LAG80 -2718.6439   1.37e+04     -0.198      0.843   -2.96e+04    2.42e+04
SQ_RET_LAG81 -2.078e+04   1.88e+04     -1.104      0.270   -5.77e+04    1.61e+04
SQ_RET_LAG82 -7125.1635   1.76e+04     -0.405      0.686   -4.16e+04    2.74e+04
SQ_RET_LAG83 -1107.9994   1.38e+04     -0.080      0.936   -2.82e+04    2.59e+04
SQ_RET_LAG84 -1583.4264   1.22e+04     -0.130      0.897   -2.55e+04    2.23e+04
SQ_RET_LAG85    1.2e+04   1.11e+04      1.077      0.281   -9839.135    3.38e+04
SQ_RET_LAG86 -2760.0879   1.28e+04     -0.216      0.829   -2.78e+04    2.22e+04
SQ_RET_LAG87  1.419e+04   1.34e+04      1.058      0.290   -1.21e+04    4.05e+04
SQ_RET_LAG88 -2.033e+04   1.78e+04     -1.144      0.253   -5.52e+04    1.45e+04
SQ_RET_LAG89 -1.321e+04   1.66e+04     -0.794      0.427   -4.58e+04    1.94e+04
SQ_RET_LAG9  -1542.8662    1.2e+04     -0.129      0.898    -2.5e+04     2.2e+04
SQ_RET_LAG90 -5355.4660   1.76e+04     -0.305      0.761   -3.98e+04    2.91e+04
VIOL_LAG1        0.6464      0.149      4.341      0.000       0.355       0.938
VIOL_LAG10       0.3258      0.156      2.091      0.037       0.020       0.631
VIOL_LAG11       0.5113      0.160      3.197      0.001       0.198       0.825
VIOL_LAG12       0.1664      0.159      1.047      0.295      -0.145       0.478
VIOL_LAG13       0.6004      0.161      3.732      0.000       0.285       0.916
VIOL_LAG14       0.0670      0.161      0.415      0.678      -0.249       0.383
VIOL_LAG15       0.3052      0.154      1.982      0.047       0.003       0.607
VIOL_LAG16       0.2688      0.164      1.635      0.102      -0.053       0.591
VIOL_LAG17      -0.1702      0.164     -1.037      0.300      -0.492       0.152
VIOL_LAG18       0.3477      0.165      2.110      0.035       0.025       0.671
VIOL_LAG19       0.1695      0.167      1.013      0.311      -0.158       0.498
VIOL_LAG2        0.3181      0.155      2.047      0.041       0.014       0.623
VIOL_LAG20       0.1990      0.161      1.239      0.216      -0.116       0.514
VIOL_LAG21       0.0644      0.166      0.388      0.698      -0.261       0.390
VIOL_LAG22       0.1221      0.164      0.745      0.457      -0.199       0.444
VIOL_LAG23      -0.1012      0.173     -0.585      0.558      -0.440       0.238
VIOL_LAG24      -0.0149      0.176     -0.085      0.932      -0.359       0.329
VIOL_LAG25       0.0599      0.165      0.362      0.717      -0.264       0.384
VIOL_LAG26       0.0555      0.168      0.330      0.742      -0.274       0.385
VIOL_LAG27       0.1101      0.163      0.676      0.499      -0.209       0.429
VIOL_LAG28      -0.0254      0.175     -0.145      0.885      -0.369       0.318
VIOL_LAG29       0.2804      0.163      1.721      0.085      -0.039       0.600
VIOL_LAG3        0.5356      0.151      3.550      0.000       0.240       0.831
VIOL_LAG30       0.2230      0.171      1.307      0.191      -0.111       0.557
VIOL_LAG31       0.4192      0.170      2.471      0.013       0.087       0.752
VIOL_LAG32      -0.0783      0.170     -0.460      0.646      -0.412       0.255
VIOL_LAG33       0.3010      0.172      1.752      0.080      -0.036       0.638
VIOL_LAG34       0.2752      0.176      1.561      0.118      -0.070       0.621
VIOL_LAG35       0.0961      0.170      0.566      0.572      -0.237       0.429
VIOL_LAG36       0.0519      0.170      0.306      0.760      -0.281       0.385
VIOL_LAG37       0.0770      0.170      0.453      0.650      -0.256       0.410
VIOL_LAG38      -0.0820      0.177     -0.463      0.643      -0.429       0.265
VIOL_LAG39       0.0641      0.174      0.369      0.712      -0.276       0.404
VIOL_LAG4        0.4818      0.155      3.109      0.002       0.178       0.786
VIOL_LAG40      -0.0250      0.181     -0.138      0.890      -0.379       0.329
VIOL_LAG41      -0.0487      0.168     -0.290      0.772      -0.378       0.281
VIOL_LAG42       0.2819      0.168      1.681      0.093      -0.047       0.611
VIOL_LAG43       0.2052      0.172      1.196      0.232      -0.131       0.541
VIOL_LAG44      -0.1953      0.170     -1.146      0.252      -0.529       0.139
VIOL_LAG45       0.0877      0.173      0.507      0.612      -0.251       0.427
VIOL_LAG46       0.4466      0.173      2.588      0.010       0.108       0.785
VIOL_LAG47       0.4617      0.158      2.927      0.003       0.153       0.771
VIOL_LAG48       0.1538      0.168      0.917      0.359      -0.175       0.483
VIOL_LAG49       0.3966      0.170      2.327      0.020       0.063       0.731
VIOL_LAG5        0.2235      0.157      1.423      0.155      -0.084       0.531
VIOL_LAG50      -0.0665      0.186     -0.358      0.721      -0.431       0.298
VIOL_LAG51       0.2419      0.175      1.383      0.167      -0.101       0.585
VIOL_LAG52      -0.0496      0.188     -0.264      0.792      -0.419       0.319
VIOL_LAG53       0.2743      0.164      1.677      0.094      -0.046       0.595
VIOL_LAG54      -0.0432      0.179     -0.242      0.809      -0.393       0.307
VIOL_LAG55       0.3042      0.168      1.813      0.070      -0.025       0.633
VIOL_LAG56       0.0136      0.170      0.080      0.936      -0.319       0.346
VIOL_LAG57       0.3336      0.174      1.918      0.055      -0.007       0.674
VIOL_LAG58       0.0785      0.166      0.473      0.636      -0.247       0.404
VIOL_LAG59      -0.1055      0.173     -0.611      0.541      -0.444       0.233
VIOL_LAG6        0.4609      0.156      2.959      0.003       0.156       0.766
VIOL_LAG60       0.3523      0.175      2.019      0.044       0.010       0.694
VIOL_LAG61      -0.0042      0.187     -0.022      0.982      -0.371       0.363
VIOL_LAG62      -0.0557      0.175     -0.319      0.750      -0.398       0.287
VIOL_LAG63      -0.2271      0.175     -1.297      0.195      -0.570       0.116
VIOL_LAG64      -0.0377      0.175     -0.215      0.829      -0.381       0.306
VIOL_LAG65       0.3105      0.181      1.717      0.086      -0.044       0.665
VIOL_LAG66       0.2038      0.168      1.214      0.225      -0.125       0.533
VIOL_LAG67       0.0302      0.176      0.172      0.864      -0.314       0.375
VIOL_LAG68      -0.1139      0.194     -0.587      0.557      -0.494       0.267
VIOL_LAG69       0.0708      0.184      0.384      0.701      -0.291       0.432
VIOL_LAG7        0.0387      0.159      0.242      0.808      -0.274       0.351
VIOL_LAG70       0.4708      0.173      2.720      0.007       0.132       0.810
VIOL_LAG71      -0.0397      0.176     -0.225      0.822      -0.385       0.306
VIOL_LAG72      -0.0949      0.185     -0.514      0.607      -0.457       0.267
VIOL_LAG73       0.0677      0.169      0.400      0.689      -0.264       0.400
VIOL_LAG74       0.3909      0.174      2.242      0.025       0.049       0.733
VIOL_LAG75      -0.1353      0.188     -0.721      0.471      -0.503       0.232
VIOL_LAG76      -0.3530      0.194     -1.816      0.069      -0.734       0.028
VIOL_LAG77      -0.2402      0.187     -1.285      0.199      -0.606       0.126
VIOL_LAG78       0.0516      0.175      0.295      0.768      -0.291       0.394
VIOL_LAG79      -0.1539      0.182     -0.843      0.399      -0.512       0.204
VIOL_LAG8        0.0167      0.161      0.103      0.918      -0.299       0.333
VIOL_LAG80       0.1146      0.181      0.633      0.527      -0.240       0.470
VIOL_LAG81       0.3003      0.181      1.662      0.097      -0.054       0.655
VIOL_LAG82      -0.2703      0.202     -1.340      0.180      -0.666       0.125
VIOL_LAG83       0.1920      0.173      1.107      0.268      -0.148       0.532
VIOL_LAG84       0.2188      0.172      1.270      0.204      -0.119       0.556
VIOL_LAG85       0.2953      0.172      1.714      0.087      -0.042       0.633
VIOL_LAG86       0.3010      0.176      1.708      0.088      -0.044       0.647
VIOL_LAG87       0.0261      0.181      0.144      0.885      -0.329       0.381
VIOL_LAG88       0.0900      0.181      0.497      0.619      -0.265       0.445
VIOL_LAG89       0.2335      0.187      1.250      0.211      -0.133       0.600
VIOL_LAG9        0.2022      0.161      1.253      0.210      -0.114       0.519
VIOL_LAG90       0.1582      0.187      0.845      0.398      -0.209       0.525
VOL_LAG1      4.571e-08   9.31e-08      0.491      0.624   -1.37e-07    2.28e-07
VOL_LAG10    -1.146e-07   1.84e-07     -0.624      0.533   -4.75e-07    2.46e-07
VOL_LAG11      1.29e-07   9.56e-08      1.350      0.177   -5.83e-08    3.16e-07
VOL_LAG12     5.992e-08   1.24e-07      0.483      0.629   -1.83e-07    3.03e-07
VOL_LAG13     9.794e-08   9.95e-08      0.985      0.325    -9.7e-08    2.93e-07
VOL_LAG14     7.663e-08   1.25e-07      0.611      0.541   -1.69e-07    3.22e-07
VOL_LAG15    -1.852e-08   1.35e-07     -0.137      0.891   -2.84e-07    2.47e-07
VOL_LAG16     1.326e-07   1.09e-07      1.212      0.226   -8.19e-08    3.47e-07
VOL_LAG17     -1.81e-07    2.5e-07     -0.724      0.469   -6.71e-07    3.09e-07
VOL_LAG18    -1.759e-08   1.76e-07     -0.100      0.920   -3.62e-07    3.27e-07
VOL_LAG19      7.63e-08   1.24e-07      0.615      0.539   -1.67e-07    3.19e-07
VOL_LAG2      2.206e-07   7.28e-08      3.030      0.002    7.79e-08    3.63e-07
VOL_LAG20    -4.308e-08   1.45e-07     -0.298      0.766   -3.27e-07     2.4e-07
VOL_LAG21    -1.025e-07   2.07e-07     -0.495      0.621   -5.08e-07    3.03e-07
VOL_LAG22    -1.227e-07   2.22e-07     -0.554      0.580   -5.57e-07    3.12e-07
VOL_LAG23     1.366e-07   1.11e-07      1.235      0.217   -8.01e-08    3.53e-07
VOL_LAG24     2.342e-08   1.49e-07      0.157      0.875   -2.69e-07    3.16e-07
VOL_LAG25       5.2e-08   1.31e-07      0.397      0.691   -2.05e-07    3.09e-07
VOL_LAG26    -3.243e-08   1.72e-07     -0.188      0.851    -3.7e-07    3.05e-07
VOL_LAG27    -5.173e-08   1.98e-07     -0.261      0.794    -4.4e-07    3.37e-07
VOL_LAG28    -6.134e-08   2.09e-07     -0.293      0.769   -4.71e-07    3.49e-07
VOL_LAG29    -9.717e-08   2.15e-07     -0.451      0.652   -5.19e-07    3.25e-07
VOL_LAG3       7.57e-08   9.45e-08      0.801      0.423   -1.09e-07    2.61e-07
VOL_LAG30     1.557e-07    1.1e-07      1.413      0.158   -6.03e-08    3.72e-07
VOL_LAG31    -4.849e-08   2.03e-07     -0.239      0.811   -4.46e-07     3.5e-07
VOL_LAG32    -8.943e-08    2.1e-07     -0.426      0.670   -5.01e-07    3.22e-07
VOL_LAG33    -1.454e-07    2.5e-07     -0.582      0.561   -6.35e-07    3.45e-07
VOL_LAG34    -2.935e-08   1.97e-07     -0.149      0.882   -4.16e-07    3.58e-07
VOL_LAG35     -6.35e-08   2.23e-07     -0.284      0.776   -5.01e-07    3.74e-07
VOL_LAG36     8.717e-08   1.27e-07      0.687      0.492   -1.61e-07    3.36e-07
VOL_LAG37     1.553e-08   1.55e-07      0.100      0.920   -2.88e-07    3.19e-07
VOL_LAG38     1.105e-07   1.23e-07      0.895      0.371   -1.32e-07    3.52e-07
VOL_LAG39    -1.839e-07   2.96e-07     -0.622      0.534   -7.63e-07    3.95e-07
VOL_LAG4      1.288e-08   1.07e-07      0.120      0.904   -1.97e-07    2.23e-07
VOL_LAG40    -9.928e-08   2.31e-07     -0.429      0.668   -5.53e-07    3.54e-07
VOL_LAG41     1.174e-07   1.33e-07      0.880      0.379   -1.44e-07    3.79e-07
VOL_LAG42    -2.732e-07   3.23e-07     -0.846      0.398   -9.06e-07     3.6e-07
VOL_LAG43     1.796e-07   1.02e-07      1.756      0.079   -2.08e-08     3.8e-07
VOL_LAG44    -1.574e-07   2.66e-07     -0.592      0.554   -6.78e-07    3.64e-07
VOL_LAG45    -4.936e-07   4.18e-07     -1.180      0.238   -1.31e-06    3.26e-07
VOL_LAG46    -9.261e-08   2.11e-07     -0.439      0.660   -5.06e-07    3.21e-07
VOL_LAG47      1.35e-07   1.19e-07      1.138      0.255   -9.75e-08    3.68e-07
VOL_LAG48     1.149e-07    1.2e-07      0.961      0.336   -1.19e-07    3.49e-07
VOL_LAG49    -1.713e-07   2.55e-07     -0.672      0.502   -6.71e-07    3.29e-07
VOL_LAG5      2.625e-08   1.15e-07      0.227      0.820      -2e-07    2.52e-07
VOL_LAG50    -4.499e-08   1.85e-07     -0.243      0.808   -4.08e-07    3.18e-07
VOL_LAG51     3.143e-09   1.67e-07      0.019      0.985   -3.24e-07     3.3e-07
VOL_LAG52     1.523e-07   1.18e-07      1.291      0.197   -7.89e-08    3.83e-07
VOL_LAG53    -2.192e-07   3.04e-07     -0.721      0.471   -8.16e-07    3.77e-07
VOL_LAG54     1.124e-07   1.11e-07      1.016      0.309   -1.04e-07    3.29e-07
VOL_LAG55     4.261e-08   1.32e-07      0.323      0.746   -2.16e-07    3.01e-07
VOL_LAG56     7.145e-08   1.27e-07      0.564      0.573   -1.77e-07     3.2e-07
VOL_LAG57     1.896e-08   1.62e-07      0.117      0.907      -3e-07    3.37e-07
VOL_LAG58    -8.186e-08    2.1e-07     -0.389      0.697   -4.94e-07     3.3e-07
VOL_LAG59    -4.636e-08   1.85e-07     -0.251      0.802   -4.09e-07    3.16e-07
VOL_LAG6      2.454e-08   1.08e-07      0.227      0.820   -1.87e-07    2.36e-07
VOL_LAG60     1.803e-07   9.91e-08      1.819      0.069    -1.4e-08    3.75e-07
VOL_LAG61      1.82e-08   1.79e-07      0.102      0.919   -3.32e-07    3.68e-07
VOL_LAG62    -5.994e-08   1.76e-07     -0.341      0.733   -4.04e-07    2.85e-07
VOL_LAG63     -1.48e-08   2.01e-07     -0.074      0.941   -4.09e-07    3.79e-07
VOL_LAG64    -7.228e-08    1.9e-07     -0.381      0.703   -4.44e-07    2.99e-07
VOL_LAG65    -2.171e-08   1.98e-07     -0.109      0.913    -4.1e-07    3.67e-07
VOL_LAG66      9.63e-08   1.34e-07      0.719      0.472   -1.66e-07    3.59e-07
VOL_LAG67     1.945e-07   1.21e-07      1.613      0.107   -4.18e-08    4.31e-07
VOL_LAG68     -3.94e-07   4.01e-07     -0.984      0.325   -1.18e-06    3.91e-07
VOL_LAG69    -3.292e-08   2.01e-07     -0.164      0.870   -4.27e-07    3.61e-07
VOL_LAG7       2.84e-08   1.14e-07      0.249      0.803   -1.95e-07    2.52e-07
VOL_LAG70    -6.567e-08   2.64e-07     -0.248      0.804   -5.84e-07    4.52e-07
VOL_LAG71    -4.595e-07   4.13e-07     -1.112      0.266   -1.27e-06     3.5e-07
VOL_LAG72     1.691e-08    1.8e-07      0.094      0.925   -3.36e-07     3.7e-07
VOL_LAG73     1.245e-07   1.29e-07      0.968      0.333   -1.28e-07    3.77e-07
VOL_LAG74     6.844e-08   1.87e-07      0.365      0.715   -2.99e-07    4.36e-07
VOL_LAG75    -4.023e-07   3.44e-07     -1.169      0.243   -1.08e-06    2.72e-07
VOL_LAG76    -2.971e-08   1.98e-07     -0.150      0.881   -4.19e-07    3.59e-07
VOL_LAG77     1.296e-07    1.5e-07      0.862      0.389   -1.65e-07    4.24e-07
VOL_LAG78    -9.169e-08    2.4e-07     -0.381      0.703   -5.63e-07    3.79e-07
VOL_LAG79    -1.831e-07   2.94e-07     -0.623      0.533   -7.59e-07    3.93e-07
VOL_LAG8      4.217e-09   1.18e-07      0.036      0.971   -2.26e-07    2.35e-07
VOL_LAG80      1.42e-07   1.18e-07      1.203      0.229   -8.93e-08    3.73e-07
VOL_LAG81     8.747e-09      2e-07      0.044      0.965   -3.83e-07       4e-07
VOL_LAG82     -1.78e-07   3.04e-07     -0.585      0.559   -7.75e-07    4.19e-07
VOL_LAG83     1.245e-08   1.72e-07      0.072      0.942   -3.25e-07     3.5e-07
VOL_LAG84     8.679e-08   1.56e-07      0.557      0.578   -2.19e-07    3.92e-07
VOL_LAG85    -5.291e-08   2.57e-07     -0.206      0.837   -5.56e-07     4.5e-07
VOL_LAG86    -7.778e-07   5.75e-07     -1.353      0.176    -1.9e-06    3.49e-07
VOL_LAG87    -3.378e-07   3.96e-07     -0.854      0.393   -1.11e-06    4.38e-07
VOL_LAG88    -1.448e-07   2.82e-07     -0.513      0.608   -6.98e-07    4.09e-07
VOL_LAG89     4.498e-08   1.59e-07      0.283      0.778   -2.67e-07    3.57e-07
VOL_LAG9      1.122e-07   9.84e-08      1.141      0.254   -8.06e-08    3.05e-07
VOL_LAG90    -5.186e-08   2.02e-07     -0.257      0.797   -4.48e-07    3.44e-07
================================================================================