                 Generalized Linear Model Regression Results                  
==============================================================================
Dep. Variable:                      Y   No. Observations:                15508
Model:                            GLM   Df Residuals:                    15237
Model Family:                Binomial   Df Model:                          270
Link Function:                  Logit   Scale:                          1.0000
Method:                          IRLS   Log-Likelihood:                -2746.2
Date:                Sun, 24 Mar 2024   Deviance:                       5492.4
Time:                        21:08:56   Pearson chi2:                 1.46e+04
No. Iterations:                     7   Pseudo R-squ. (CS):            0.06138
Covariance Type:            nonrobust                                         
==============================================================================
                 coef    std err          z      P>|z|      [0.025      0.975]
------------------------------------------------------------------------------
Intercept     -3.7701      0.068    -55.060      0.000      -3.904      -3.636
RET_LAG1      90.5212     36.008      2.514      0.012      19.947     161.095
RET_LAG10     27.0367     36.439      0.742      0.458     -44.382      98.455
RET_LAG11     -6.8457     37.572     -0.182      0.855     -80.485      66.793
RET_LAG12     18.0763     37.408      0.483      0.629     -55.243      91.396
RET_LAG13     51.6078     36.579      1.411      0.158     -20.086     123.302
RET_LAG14     28.6855     37.445      0.766      0.444     -44.705     102.076
RET_LAG15     33.3084     37.985      0.877      0.381     -41.142     107.759
RET_LAG16     74.5089     37.346      1.995      0.046       1.312     147.705
RET_LAG17     62.9516     37.479      1.680      0.093     -10.506     136.410
RET_LAG18     48.4234     36.426      1.329      0.184     -22.970     119.816
RET_LAG19     19.1141     37.070      0.516      0.606     -53.542      91.770
RET_LAG2      28.4351     37.953      0.749      0.454     -45.952     102.822
RET_LAG20     71.0336     36.234      1.960      0.050       0.017     142.050
RET_LAG21      1.6468     37.846      0.044      0.965     -72.530      75.824
RET_LAG22     -0.6671     37.192     -0.018      0.986     -73.562      72.227
RET_LAG23    102.7866     35.665      2.882      0.004      32.885     172.688
RET_LAG24     -0.6322     37.229     -0.017      0.986     -73.600      72.335
RET_LAG25     19.0805     36.494      0.523      0.601     -52.447      90.608
RET_LAG26    -27.6592     37.803     -0.732      0.464    -101.751      46.433
RET_LAG27     67.7047     37.399      1.810      0.070      -5.596     141.006
RET_LAG28      8.7273     38.725      0.225      0.822     -67.172      84.627
RET_LAG29     41.0626     38.447      1.068      0.286     -34.293     116.418
RET_LAG3      51.9906     37.319      1.393      0.164     -21.153     125.135
RET_LAG30     56.9348     37.210      1.530      0.126     -15.996     129.866
RET_LAG31     79.8007     37.895      2.106      0.035       5.527     154.074
RET_LAG32     22.1533     38.387      0.577      0.564     -53.083      97.390
RET_LAG33     75.9025     36.830      2.061      0.039       3.717     148.088
RET_LAG34    -88.7854     40.223     -2.207      0.027    -167.620      -9.950
RET_LAG35     -0.6566     38.445     -0.017      0.986     -76.008      74.694
RET_LAG36     71.1695     37.173      1.915      0.056      -1.688     144.027
RET_LAG37      3.8328     39.095      0.098      0.922     -72.793      80.459
RET_LAG38    129.4142     36.936      3.504      0.000      57.021     201.807
RET_LAG39     56.7815     37.188      1.527      0.127     -16.105     129.668
RET_LAG4      76.3574     36.074      2.117      0.034       5.653     147.061
RET_LAG40    -17.9876     38.635     -0.466      0.642     -93.711      57.736
RET_LAG41     37.1057     38.988      0.952      0.341     -39.309     113.521
RET_LAG42     -3.7692     39.053     -0.097      0.923     -80.311      72.773
RET_LAG43     41.7503     38.226      1.092      0.275     -33.171     116.672
RET_LAG44    -20.7030     39.870     -0.519      0.604     -98.847      57.441
RET_LAG45    -17.6479     38.809     -0.455      0.649     -93.712      58.416
RET_LAG46    -11.0379     39.510     -0.279      0.780     -88.476      66.400
RET_LAG47    -36.4215     40.225     -0.905      0.365    -115.261      42.418
RET_LAG48    -12.0159     39.449     -0.305      0.761     -89.335      65.303
RET_LAG49     59.7640     39.369      1.518      0.129     -17.399     136.927
RET_LAG5      71.1911     36.058      1.974      0.048       0.519     141.863
RET_LAG50    -65.3836     41.352     -1.581      0.114    -146.432      15.665
RET_LAG51     39.6320     39.164      1.012      0.312     -37.128     116.392
RET_LAG52      7.9616     39.259      0.203      0.839     -68.985      84.908
RET_LAG53    -48.1472     40.436     -1.191      0.234    -127.399      31.105
RET_LAG54     49.5710     38.146      1.300      0.194     -25.193     124.335
RET_LAG55     29.5582     37.381      0.791      0.429     -43.708     102.824
RET_LAG56    -14.6154     40.535     -0.361      0.718     -94.062      64.831
RET_LAG57     40.2589     39.420      1.021      0.307     -37.004     117.522
RET_LAG58     37.6062     38.910      0.966      0.334     -38.656     113.868
RET_LAG59      0.2966     39.073      0.008      0.994     -76.285      76.878
RET_LAG6      15.4983     36.865      0.420      0.674     -56.755      87.751
RET_LAG60    130.3474     37.455      3.480      0.001      56.938     203.757
RET_LAG61    -57.5471     40.787     -1.411      0.158    -137.489      22.395
RET_LAG62     11.7054     40.540      0.289      0.773     -67.752      91.163
RET_LAG63     17.1967     39.955      0.430      0.667     -61.114      95.507
RET_LAG64     40.8631     40.376      1.012      0.312     -38.272     119.999
RET_LAG65     15.7991     40.201      0.393      0.694     -62.994      94.592
RET_LAG66      1.4437     39.521      0.037      0.971     -76.017      78.904
RET_LAG67     11.2156     40.359      0.278      0.781     -67.886      90.317
RET_LAG68    105.6962     38.271      2.762      0.006      30.686     180.706
RET_LAG69    -12.7299     40.213     -0.317      0.752     -91.545      66.086
RET_LAG7      12.6925     36.901      0.344      0.731     -59.632      85.017
RET_LAG70     -1.0395     40.818     -0.025      0.980     -81.041      78.962
RET_LAG71     55.7110     39.676      1.404      0.160     -22.052     133.474
RET_LAG72     31.9527     40.327      0.792      0.428     -47.087     110.993
RET_LAG73    -21.1410     41.430     -0.510      0.610    -102.342      60.060
RET_LAG74     27.6508     39.519      0.700      0.484     -49.804     105.106
RET_LAG75     14.3759     39.592      0.363      0.717     -63.223      91.975
RET_LAG76     34.3027     40.625      0.844      0.398     -45.321     113.926
RET_LAG77    -11.5058     40.989     -0.281      0.779     -91.842      68.830
RET_LAG78    -18.9825     43.271     -0.439      0.661    -103.792      65.827
RET_LAG79     -7.5223     41.968     -0.179      0.858     -89.778      74.734
RET_LAG8     121.9352     34.750      3.509      0.000      53.827     190.044
RET_LAG80    -12.5996     42.568     -0.296      0.767     -96.032      70.833
RET_LAG81     21.0006     42.625      0.493      0.622     -62.542     104.543
RET_LAG82     -9.8703     42.560     -0.232      0.817     -93.286      73.545
RET_LAG83    -10.1581     42.415     -0.239      0.811     -93.290      72.973
RET_LAG84     62.6386     41.755      1.500      0.134     -19.199     144.477
RET_LAG85     35.9841     41.027      0.877      0.380     -44.427     116.396
RET_LAG86     53.6270     41.357      1.297      0.195     -27.431     134.685
RET_LAG87     24.3840     43.010      0.567      0.571     -59.913     108.681
RET_LAG88     43.9263     42.889      1.024      0.306     -40.134     127.986
RET_LAG89     26.7607     41.754      0.641      0.522     -55.075     108.597
RET_LAG9      28.6133     35.333      0.810      0.418     -40.637      97.864
RET_LAG90     39.1897     41.211      0.951      0.342     -41.581     119.961
VIOL_LAG1      0.8602      0.152      5.655      0.000       0.562       1.158
VIOL_LAG10     0.2417      0.167      1.450      0.147      -0.085       0.568
VIOL_LAG11    -0.1086      0.177     -0.614      0.539      -0.456       0.238
VIOL_LAG12     0.1798      0.171      1.054      0.292      -0.154       0.514
VIOL_LAG13     0.1820      0.171      1.067      0.286      -0.152       0.516
VIOL_LAG14     0.2334      0.171      1.368      0.171      -0.101       0.568
VIOL_LAG15     0.2075      0.172      1.206      0.228      -0.130       0.545
VIOL_LAG16     0.2597      0.173      1.504      0.133      -0.079       0.598
VIOL_LAG17     0.4950      0.167      2.957      0.003       0.167       0.823
VIOL_LAG18     0.4837      0.165      2.923      0.003       0.159       0.808
VIOL_LAG19     0.1607      0.171      0.942      0.346      -0.174       0.495
VIOL_LAG2      0.4287      0.162      2.648      0.008       0.111       0.746
VIOL_LAG20     0.5009      0.165      3.029      0.002       0.177       0.825
VIOL_LAG21     0.0171      0.175      0.098      0.922      -0.326       0.360
VIOL_LAG22    -0.1076      0.177     -0.606      0.544      -0.455       0.240
VIOL_LAG23     0.1706      0.176      0.970      0.332      -0.174       0.515
VIOL_LAG24    -0.1520      0.180     -0.842      0.400      -0.506       0.202
VIOL_LAG25    -0.0744      0.181     -0.411      0.681      -0.429       0.280
VIOL_LAG26    -0.0812      0.181     -0.448      0.654      -0.436       0.274
VIOL_LAG27     0.0734      0.181      0.406      0.685      -0.281       0.428
VIOL_LAG28     0.1311      0.182      0.721      0.471      -0.225       0.487
VIOL_LAG29     0.3617      0.175      2.064      0.039       0.018       0.705
VIOL_LAG3      0.6555      0.157      4.184      0.000       0.348       0.963
VIOL_LAG30     0.1072      0.181      0.593      0.553      -0.247       0.461
VIOL_LAG31     0.4597      0.172      2.666      0.008       0.122       0.798
VIOL_LAG32     0.2784      0.174      1.596      0.110      -0.063       0.620
VIOL_LAG33     0.2329      0.178      1.310      0.190      -0.115       0.581
VIOL_LAG34    -0.3081      0.188     -1.639      0.101      -0.676       0.060
VIOL_LAG35    -0.0947      0.183     -0.518      0.604      -0.453       0.263
VIOL_LAG36     0.4108      0.175      2.350      0.019       0.068       0.754
VIOL_LAG37     0.1554      0.179      0.869      0.385      -0.195       0.506
VIOL_LAG38     0.6244      0.171      3.643      0.000       0.288       0.960
VIOL_LAG39     0.1850      0.179      1.036      0.300      -0.165       0.535
VIOL_LAG4      0.4931      0.160      3.083      0.002       0.180       0.807
VIOL_LAG40    -0.5099      0.199     -2.561      0.010      -0.900      -0.120
VIOL_LAG41     0.5565      0.171      3.263      0.001       0.222       0.891
VIOL_LAG42     0.1111      0.183      0.607      0.544      -0.248       0.470
VIOL_LAG43    -0.2235      0.196     -1.138      0.255      -0.608       0.161
VIOL_LAG44     0.1146      0.180      0.635      0.525      -0.239       0.468
VIOL_LAG45    -0.0054      0.184     -0.029      0.977      -0.366       0.356
VIOL_LAG46     0.0156      0.185      0.084      0.933      -0.347       0.378
VIOL_LAG47    -0.2332      0.192     -1.215      0.224      -0.609       0.143
VIOL_LAG48    -0.0770      0.188     -0.409      0.683      -0.446       0.292
VIOL_LAG49     0.0462      0.189      0.245      0.807      -0.324       0.416
VIOL_LAG5      0.5062      0.160      3.167      0.002       0.193       0.819
VIOL_LAG50     0.0547      0.183      0.299      0.765      -0.304       0.413
VIOL_LAG51     0.2266      0.182      1.245      0.213      -0.130       0.583
VIOL_LAG52     0.1511      0.184      0.823      0.411      -0.209       0.511
VIOL_LAG53    -0.0775      0.187     -0.414      0.679      -0.444       0.289
VIOL_LAG54     0.0898      0.187      0.480      0.631      -0.276       0.456
VIOL_LAG55     0.0749      0.185      0.405      0.685      -0.287       0.437
VIOL_LAG56    -0.0367      0.188     -0.196      0.845      -0.405       0.331
VIOL_LAG57     0.1607      0.187      0.861      0.389      -0.205       0.526
VIOL_LAG58     0.1010      0.189      0.535      0.593      -0.269       0.471
VIOL_LAG59     0.2173      0.179      1.211      0.226      -0.135       0.569
VIOL_LAG6      0.3011      0.163      1.846      0.065      -0.019       0.621
VIOL_LAG60     0.2451      0.188      1.303      0.192      -0.123       0.614
VIOL_LAG61    -0.1346      0.192     -0.700      0.484      -0.511       0.242
VIOL_LAG62     0.0023      0.193      0.012      0.990      -0.376       0.381
VIOL_LAG63     0.2729      0.185      1.475      0.140      -0.090       0.636
VIOL_LAG64     0.1441      0.189      0.762      0.446      -0.226       0.514
VIOL_LAG65     0.1091      0.191      0.572      0.567      -0.265       0.483
VIOL_LAG66     0.0353      0.188      0.188      0.851      -0.333       0.403
VIOL_LAG67     0.1809      0.185      0.979      0.327      -0.181       0.543
VIOL_LAG68     0.4662      0.181      2.581      0.010       0.112       0.820
VIOL_LAG69     0.0407      0.189      0.216      0.829      -0.329       0.410
VIOL_LAG7      0.3624      0.163      2.224      0.026       0.043       0.682
VIOL_LAG70    -0.2149      0.197     -1.093      0.274      -0.600       0.171
VIOL_LAG71     0.2574      0.188      1.369      0.171      -0.111       0.626
VIOL_LAG72     0.1461      0.189      0.774      0.439      -0.224       0.516
VIOL_LAG73    -0.0650      0.194     -0.336      0.737      -0.444       0.314
VIOL_LAG74     0.1057      0.190      0.558      0.577      -0.266       0.477
VIOL_LAG75     0.0705      0.192      0.368      0.713      -0.305       0.446
VIOL_LAG76     0.2525      0.187      1.347      0.178      -0.115       0.620
VIOL_LAG77     0.0643      0.193      0.334      0.738      -0.313       0.442
VIOL_LAG78    -0.0900      0.203     -0.443      0.658      -0.488       0.308
VIOL_LAG79    -0.1337      0.201     -0.665      0.506      -0.528       0.260
VIOL_LAG8      0.2823      0.168      1.681      0.093      -0.047       0.611
VIOL_LAG80    -0.0818      0.200     -0.408      0.683      -0.475       0.311
VIOL_LAG81     0.1710      0.195      0.877      0.381      -0.211       0.553
VIOL_LAG82    -0.0035      0.200     -0.017      0.986      -0.396       0.389
VIOL_LAG83     0.0461      0.195      0.236      0.813      -0.336       0.428
VIOL_LAG84     0.4129      0.190      2.173      0.030       0.041       0.785
VIOL_LAG85     0.2465      0.192      1.287      0.198      -0.129       0.622
VIOL_LAG86    -0.1563      0.209     -0.749      0.454      -0.565       0.253
VIOL_LAG87    -0.2418      0.213     -1.137      0.256      -0.659       0.175
VIOL_LAG88     0.1024      0.199      0.514      0.607      -0.288       0.492
VIOL_LAG89     0.0338      0.200      0.169      0.866      -0.359       0.427
VIOL_LAG9      0.2887      0.163      1.775      0.076      -0.030       0.607
VIOL_LAG90     0.4381      0.184      2.381      0.017       0.077       0.799
VOL_LAG1    4.362e-07   8.94e-08      4.878      0.000    2.61e-07    6.11e-07
VOL_LAG10   2.729e-07   1.24e-07      2.200      0.028    2.98e-08    5.16e-07
VOL_LAG11  -3.405e-07   2.92e-07     -1.165      0.244   -9.13e-07    2.32e-07
VOL_LAG12   4.667e-08   1.87e-07      0.249      0.803   -3.21e-07    4.14e-07
VOL_LAG13   1.748e-07   1.66e-07      1.056      0.291    -1.5e-07    4.99e-07
VOL_LAG14  -2.045e-07    2.8e-07     -0.730      0.465   -7.53e-07    3.44e-07
VOL_LAG15   6.215e-08   1.99e-07      0.313      0.754   -3.27e-07    4.51e-07
VOL_LAG16  -3.181e-07   3.16e-07     -1.008      0.313   -9.37e-07       3e-07
VOL_LAG17  -1.527e-07   2.85e-07     -0.536      0.592   -7.12e-07    4.06e-07
VOL_LAG18  -3.037e-07    3.2e-07     -0.949      0.343   -9.31e-07    3.24e-07
VOL_LAG19   3.073e-08   1.74e-07      0.177      0.860    -3.1e-07    3.72e-07
VOL_LAG2    1.313e-07   1.21e-07      1.089      0.276   -1.05e-07    3.68e-07
VOL_LAG20  -7.099e-09   2.33e-07     -0.030      0.976   -4.64e-07    4.49e-07
VOL_LAG21  -3.071e-08   2.26e-07     -0.136      0.892   -4.74e-07    4.12e-07
VOL_LAG22  -1.169e-07    2.5e-07     -0.467      0.641   -6.08e-07    3.74e-07
VOL_LAG23   1.044e-07   1.68e-07      0.622      0.534   -2.24e-07    4.33e-07
VOL_LAG24   1.367e-07   1.64e-07      0.832      0.405   -1.85e-07    4.59e-07
VOL_LAG25   -1.34e-07   2.55e-07     -0.526      0.599   -6.33e-07    3.65e-07
VOL_LAG26   2.175e-07   1.47e-07      1.483      0.138      -7e-08    5.05e-07
VOL_LAG27   9.217e-08      2e-07      0.461      0.645      -3e-07    4.84e-07
VOL_LAG28   -5.71e-07   3.82e-07     -1.493      0.135   -1.32e-06    1.78e-07
VOL_LAG29  -3.642e-07   3.56e-07     -1.022      0.307   -1.06e-06    3.34e-07
VOL_LAG3    1.847e-08   1.67e-07      0.111      0.912   -3.09e-07    3.46e-07
VOL_LAG30   1.586e-07   1.78e-07      0.892      0.373    -1.9e-07    5.07e-07
VOL_LAG31  -6.563e-08   2.52e-07     -0.261      0.794   -5.59e-07    4.28e-07
VOL_LAG32  -8.466e-08   2.59e-07     -0.327      0.743   -5.92e-07    4.22e-07
VOL_LAG33   -3.25e-08   2.43e-07     -0.133      0.894    -5.1e-07    4.45e-07
VOL_LAG34  -5.329e-08   2.44e-07     -0.218      0.827   -5.31e-07    4.25e-07
VOL_LAG35   1.281e-07   2.04e-07      0.629      0.529   -2.71e-07    5.28e-07
VOL_LAG36  -1.895e-07   2.87e-07     -0.660      0.509   -7.52e-07    3.73e-07
VOL_LAG37   2.858e-07   1.51e-07      1.899      0.058   -9.22e-09    5.81e-07
VOL_LAG38  -7.468e-07      4e-07     -1.869      0.062   -1.53e-06    3.65e-08
VOL_LAG39   8.986e-08   1.85e-07      0.486      0.627   -2.73e-07    4.53e-07
VOL_LAG4    2.389e-07   1.06e-07      2.263      0.024     3.2e-08    4.46e-07
VOL_LAG40  -1.728e-07   2.96e-07     -0.583      0.560   -7.53e-07    4.08e-07
VOL_LAG41   5.804e-08   2.08e-07      0.280      0.780   -3.49e-07    4.65e-07
VOL_LAG42  -2.239e-07    3.1e-07     -0.724      0.469   -8.31e-07    3.83e-07
VOL_LAG43  -5.391e-08    2.5e-07     -0.216      0.829   -5.43e-07    4.35e-07
VOL_LAG44  -3.121e-08   2.28e-07     -0.137      0.891   -4.79e-07    4.16e-07
VOL_LAG45   5.248e-08   1.82e-07      0.288      0.773   -3.04e-07    4.09e-07
VOL_LAG46   4.147e-08   2.02e-07      0.205      0.837   -3.55e-07    4.38e-07
VOL_LAG47    7.15e-08   2.22e-07      0.323      0.747   -3.63e-07    5.06e-07
VOL_LAG48  -4.461e-08   2.43e-07     -0.184      0.854    -5.2e-07    4.31e-07
VOL_LAG49   9.105e-08   1.93e-07      0.471      0.638   -2.88e-07     4.7e-07
VOL_LAG5    2.532e-07   1.06e-07      2.383      0.017     4.5e-08    4.61e-07
VOL_LAG50  -1.014e-07   2.69e-07     -0.377      0.706   -6.28e-07    4.26e-07
VOL_LAG51   6.551e-08   2.05e-07      0.320      0.749   -3.36e-07    4.67e-07
VOL_LAG52  -2.062e-07   3.11e-07     -0.663      0.508   -8.16e-07    4.04e-07
VOL_LAG53   1.385e-07   1.93e-07      0.719      0.472   -2.39e-07    5.16e-07
VOL_LAG54  -1.354e-07   2.85e-07     -0.474      0.635   -6.95e-07    4.24e-07
VOL_LAG55   1.387e-09   2.07e-07      0.007      0.995   -4.04e-07    4.07e-07
VOL_LAG56   1.962e-07   1.68e-07      1.171      0.242   -1.32e-07    5.25e-07
VOL_LAG57  -1.131e-07   2.86e-07     -0.396      0.692   -6.73e-07    4.47e-07
VOL_LAG58   9.704e-08   1.98e-07      0.490      0.624   -2.91e-07    4.85e-07
VOL_LAG59  -4.972e-08   2.41e-07     -0.207      0.836   -5.22e-07    4.22e-07
VOL_LAG6    1.334e-07   1.37e-07      0.971      0.332   -1.36e-07    4.03e-07
VOL_LAG60   2.375e-07   1.37e-07      1.734      0.083   -3.09e-08    5.06e-07
VOL_LAG61   2.681e-07   1.65e-07      1.629      0.103   -5.44e-08    5.91e-07
VOL_LAG62  -6.762e-07   4.62e-07     -1.464      0.143   -1.58e-06    2.29e-07
VOL_LAG63   -1.94e-07    3.2e-07     -0.606      0.545   -8.22e-07    4.34e-07
VOL_LAG64   3.762e-08   2.49e-07      0.151      0.880   -4.51e-07    5.26e-07
VOL_LAG65  -3.366e-07   3.41e-07     -0.987      0.324      -1e-06    3.32e-07
VOL_LAG66   1.318e-07   1.92e-07      0.685      0.493   -2.45e-07    5.09e-07
VOL_LAG67    7.57e-08   2.15e-07      0.352      0.725   -3.46e-07    4.97e-07
VOL_LAG68   2.928e-08   2.34e-07      0.125      0.901    -4.3e-07    4.89e-07
VOL_LAG69  -2.091e-07   3.27e-07     -0.639      0.523   -8.51e-07    4.33e-07
VOL_LAG7    2.118e-07   1.28e-07      1.658      0.097   -3.85e-08    4.62e-07
VOL_LAG70   2.034e-08   2.94e-07      0.069      0.945   -5.56e-07    5.96e-07
VOL_LAG71  -8.181e-07   5.15e-07     -1.588      0.112   -1.83e-06    1.92e-07
VOL_LAG72   3.307e-08   2.36e-07      0.140      0.889    -4.3e-07    4.96e-07
VOL_LAG73   1.016e-07   2.04e-07      0.498      0.618   -2.98e-07    5.01e-07
VOL_LAG74     6.7e-08    2.1e-07      0.319      0.750   -3.44e-07    4.78e-07
VOL_LAG75   8.988e-09   2.24e-07      0.040      0.968    -4.3e-07    4.48e-07
VOL_LAG76    8.46e-08   1.84e-07      0.459      0.646   -2.77e-07    4.46e-07
VOL_LAG77    1.35e-07   2.44e-07      0.554      0.580   -3.43e-07    6.13e-07
VOL_LAG78  -8.043e-07   5.39e-07     -1.492      0.136   -1.86e-06    2.52e-07
VOL_LAG79  -2.392e-07   3.73e-07     -0.642      0.521    -9.7e-07    4.91e-07
VOL_LAG8    4.185e-08   1.62e-07      0.259      0.796   -2.75e-07    3.59e-07
VOL_LAG80   2.222e-07   1.74e-07      1.276      0.202   -1.19e-07    5.64e-07
VOL_LAG81   -2.37e-07   3.76e-07     -0.630      0.529   -9.74e-07       5e-07
VOL_LAG82  -3.729e-07   4.18e-07     -0.892      0.372   -1.19e-06    4.46e-07
VOL_LAG83   1.432e-07   1.71e-07      0.839      0.402   -1.91e-07    4.78e-07
VOL_LAG84   3.014e-07   1.24e-07      2.426      0.015    5.79e-08    5.45e-07
VOL_LAG85  -1.987e-07   3.13e-07     -0.636      0.525   -8.11e-07    4.14e-07
VOL_LAG86    1.32e-07   1.92e-07      0.689      0.491   -2.44e-07    5.08e-07
VOL_LAG87  -1.575e-07   3.57e-07     -0.441      0.659   -8.58e-07    5.43e-07
VOL_LAG88  -4.212e-07   4.59e-07     -0.918      0.359   -1.32e-06    4.79e-07
VOL_LAG89    1.29e-07    1.9e-07      0.680      0.496   -2.43e-07    5.01e-07
VOL_LAG9     1.13e-07   1.38e-07      0.819      0.413   -1.57e-07    3.83e-07
VOL_LAG90  -2.253e-07   3.28e-07     -0.687      0.492   -8.68e-07    4.18e-07
==============================================================================