                 Generalized Linear Model Regression Results                  
==============================================================================
Dep. Variable:                      Y   No. Observations:                15508
Model:                            GLM   Df Residuals:                    15327
Model Family:                Binomial   Df Model:                          180
Link Function:                  Logit   Scale:                          1.0000
Method:                          IRLS   Log-Likelihood:                -2787.8
Date:                Sun, 17 Mar 2024   Deviance:                       5575.5
Time:                        19:26:15   Pearson chi2:                 1.46e+04
No. Iterations:                     7   Pseudo R-squ. (CS):            0.05633
Covariance Type:            nonrobust                                         
==============================================================================
                 coef    std err          z      P>|z|      [0.025      0.975]
------------------------------------------------------------------------------
Intercept     -3.7893      0.064    -58.873      0.000      -3.915      -3.663
RET_LAG1      97.9460     35.520      2.757      0.006      28.327     167.565
RET_LAG10     32.9228     35.994      0.915      0.360     -37.624     103.469
RET_LAG11     -3.3659     36.922     -0.091      0.927     -75.731      68.999
RET_LAG12     18.1432     36.773      0.493      0.622     -53.930      90.217
RET_LAG13     54.6902     35.916      1.523      0.128     -15.703     125.084
RET_LAG14     36.1097     36.787      0.982      0.326     -35.991     108.210
RET_LAG15     35.5128     37.193      0.955      0.340     -37.384     108.409
RET_LAG16     83.7781     36.458      2.298      0.022      12.321     155.235
RET_LAG17     68.7917     36.746      1.872      0.061      -3.229     140.813
RET_LAG18     45.6259     35.604      1.281      0.200     -24.157     115.409
RET_LAG19     20.8522     36.436      0.572      0.567     -50.561      92.265
RET_LAG2      30.4450     37.621      0.809      0.418     -43.290     104.180
RET_LAG20     66.2848     35.620      1.861      0.063      -3.528     136.098
RET_LAG21      6.4276     37.223      0.173      0.863     -66.528      79.383
RET_LAG22      2.4599     36.474      0.067      0.946     -69.028      73.948
RET_LAG23    107.2609     35.119      3.054      0.002      38.430     176.092
RET_LAG24      0.3152     36.636      0.009      0.993     -71.489      72.120
RET_LAG25     19.6482     36.081      0.545      0.586     -51.069      90.366
RET_LAG26    -32.6190     37.249     -0.876      0.381    -105.626      40.389
RET_LAG27     71.5469     36.857      1.941      0.052      -0.692     143.785
RET_LAG28     11.7014     37.983      0.308      0.758     -62.744      86.147
RET_LAG29     38.4256     37.711      1.019      0.308     -35.487     112.338
RET_LAG3      52.6795     36.865      1.429      0.153     -19.574     124.933
RET_LAG30     60.0899     36.434      1.649      0.099     -11.320     131.500
RET_LAG31     73.1822     37.227      1.966      0.049       0.219     146.146
RET_LAG32     21.7865     37.615      0.579      0.562     -51.938      95.511
RET_LAG33     77.2535     36.325      2.127      0.033       6.057     148.450
RET_LAG34    -85.2376     39.864     -2.138      0.032    -163.369      -7.106
RET_LAG35      7.3858     37.713      0.196      0.845     -66.530      81.301
RET_LAG36     75.8474     36.422      2.082      0.037       4.461     147.233
RET_LAG37      4.7152     38.132      0.124      0.902     -70.022      79.452
RET_LAG38    124.3540     36.260      3.430      0.001      53.287     195.422
RET_LAG39     55.0456     36.377      1.513      0.130     -16.252     126.344
RET_LAG4      74.4242     35.617      2.090      0.037       4.617     144.231
RET_LAG40    -11.1305     37.759     -0.295      0.768     -85.137      62.876
RET_LAG41     36.1405     38.064      0.949      0.342     -38.463     110.744
RET_LAG42     -6.7688     38.240     -0.177      0.860     -81.718      68.180
RET_LAG43     35.7594     37.674      0.949      0.343     -38.080     109.599
RET_LAG44    -19.3481     39.023     -0.496      0.620     -95.832      57.135
RET_LAG45    -16.7031     38.224     -0.437      0.662     -91.620      58.214
RET_LAG46    -10.1894     39.063     -0.261      0.794     -86.751      66.372
RET_LAG47    -41.6933     39.547     -1.054      0.292    -119.205      35.818
RET_LAG48    -12.1428     38.708     -0.314      0.754     -88.008      63.723
RET_LAG49     53.3793     39.225      1.361      0.174     -23.500     130.259
RET_LAG5      72.9270     35.722      2.042      0.041       2.913     142.941
RET_LAG50    -64.1834     40.574     -1.582      0.114    -143.706      15.339
RET_LAG51     35.8765     38.461      0.933      0.351     -39.505     111.258
RET_LAG52     10.1340     38.524      0.263      0.793     -65.372      85.640
RET_LAG53    -37.4885     39.786     -0.942      0.346    -115.468      40.491
RET_LAG54     56.7720     37.599      1.510      0.131     -16.921     130.465
RET_LAG55     25.6090     36.862      0.695      0.487     -46.640      97.858
RET_LAG56     -6.5869     39.494     -0.167      0.868     -83.994      70.821
RET_LAG57     41.2962     38.703      1.067      0.286     -34.560     117.152
RET_LAG58     38.0235     37.993      1.001      0.317     -36.441     112.488
RET_LAG59      7.7967     38.316      0.203      0.839     -67.302      82.896
RET_LAG6      18.9430     36.764      0.515      0.606     -53.113      90.999
RET_LAG60    139.5827     36.772      3.796      0.000      67.511     211.654
RET_LAG7      14.4855     36.503      0.397      0.691     -57.059      86.030
RET_LAG8     124.7346     34.505      3.615      0.000      57.105     192.364
RET_LAG9      40.4764     34.798      1.163      0.245     -27.726     108.679
VIOL_LAG1      0.8823      0.150      5.892      0.000       0.589       1.176
VIOL_LAG10     0.2597      0.164      1.580      0.114      -0.062       0.582
VIOL_LAG11    -0.1207      0.174     -0.693      0.489      -0.462       0.221
VIOL_LAG12     0.1823      0.168      1.087      0.277      -0.146       0.511
VIOL_LAG13     0.2160      0.168      1.289      0.197      -0.112       0.544
VIOL_LAG14     0.2715      0.168      1.621      0.105      -0.057       0.600
VIOL_LAG15     0.2099      0.169      1.244      0.214      -0.121       0.541
VIOL_LAG16     0.3125      0.169      1.854      0.064      -0.018       0.643
VIOL_LAG17     0.5367      0.164      3.281      0.001       0.216       0.857
VIOL_LAG18     0.4527      0.162      2.793      0.005       0.135       0.770
VIOL_LAG19     0.1843      0.167      1.101      0.271      -0.144       0.512
VIOL_LAG2      0.4286      0.159      2.694      0.007       0.117       0.740
VIOL_LAG20     0.4658      0.163      2.863      0.004       0.147       0.785
VIOL_LAG21     0.0415      0.172      0.241      0.809      -0.296       0.379
VIOL_LAG22    -0.0873      0.174     -0.501      0.616      -0.429       0.254
VIOL_LAG23     0.1761      0.173      1.020      0.308      -0.162       0.514
VIOL_LAG24    -0.1146      0.176     -0.651      0.515      -0.460       0.231
VIOL_LAG25    -0.0524      0.177     -0.297      0.767      -0.399       0.294
VIOL_LAG26    -0.0604      0.177     -0.342      0.732      -0.406       0.286
VIOL_LAG27     0.1178      0.177      0.665      0.506      -0.229       0.465
VIOL_LAG28     0.1136      0.178      0.637      0.524      -0.236       0.463
VIOL_LAG29     0.3660      0.171      2.141      0.032       0.031       0.701
VIOL_LAG3      0.6572      0.154      4.271      0.000       0.356       0.959
VIOL_LAG30     0.1562      0.176      0.887      0.375      -0.189       0.501
VIOL_LAG31     0.4641      0.169      2.745      0.006       0.133       0.796
VIOL_LAG32     0.2921      0.170      1.713      0.087      -0.042       0.626
VIOL_LAG33     0.2664      0.174      1.531      0.126      -0.075       0.607
VIOL_LAG34    -0.3187      0.185     -1.727      0.084      -0.680       0.043
VIOL_LAG35    -0.0323      0.178     -0.181      0.856      -0.381       0.317
VIOL_LAG36     0.4030      0.171      2.352      0.019       0.067       0.739
VIOL_LAG37     0.1516      0.174      0.872      0.383      -0.189       0.492
VIOL_LAG38     0.6221      0.168      3.713      0.000       0.294       0.950
VIOL_LAG39     0.2095      0.174      1.207      0.227      -0.131       0.550
VIOL_LAG4      0.5090      0.157      3.249      0.001       0.202       0.816
VIOL_LAG40    -0.4304      0.194     -2.224      0.026      -0.810      -0.051
VIOL_LAG41     0.5353      0.167      3.208      0.001       0.208       0.862
VIOL_LAG42     0.0857      0.178      0.480      0.631      -0.264       0.435
VIOL_LAG43    -0.1608      0.190     -0.845      0.398      -0.534       0.212
VIOL_LAG44     0.1535      0.175      0.877      0.381      -0.190       0.497
VIOL_LAG45     0.0316      0.178      0.177      0.859      -0.318       0.381
VIOL_LAG46     0.0521      0.181      0.289      0.773      -0.302       0.406
VIOL_LAG47    -0.1787      0.186     -0.962      0.336      -0.543       0.186
VIOL_LAG48    -0.0151      0.183     -0.083      0.934      -0.373       0.343
VIOL_LAG49     0.0893      0.185      0.484      0.628      -0.272       0.451
VIOL_LAG5      0.4986      0.158      3.164      0.002       0.190       0.807
VIOL_LAG50     0.0697      0.178      0.391      0.696      -0.280       0.419
VIOL_LAG51     0.2738      0.177      1.550      0.121      -0.072       0.620
VIOL_LAG52     0.1806      0.179      1.006      0.314      -0.171       0.532
VIOL_LAG53    -0.0257      0.183     -0.141      0.888      -0.384       0.333
VIOL_LAG54     0.1690      0.182      0.930      0.353      -0.187       0.525
VIOL_LAG55     0.0752      0.180      0.419      0.676      -0.277       0.427
VIOL_LAG56     0.0219      0.182      0.120      0.904      -0.334       0.378
VIOL_LAG57     0.1923      0.182      1.058      0.290      -0.164       0.549
VIOL_LAG58     0.0939      0.184      0.510      0.610      -0.267       0.455
VIOL_LAG59     0.2698      0.173      1.557      0.119      -0.070       0.609
VIOL_LAG6      0.3105      0.161      1.934      0.053      -0.004       0.625
VIOL_LAG60     0.3007      0.181      1.665      0.096      -0.053       0.655
VIOL_LAG7      0.3736      0.160      2.332      0.020       0.060       0.688
VIOL_LAG8      0.3429      0.165      2.084      0.037       0.020       0.665
VIOL_LAG9      0.3444      0.159      2.167      0.030       0.033       0.656
VOL_LAG1    4.364e-07   8.76e-08      4.982      0.000    2.65e-07    6.08e-07
VOL_LAG10   2.871e-07    1.2e-07      2.396      0.017    5.22e-08    5.22e-07
VOL_LAG11  -3.547e-07    2.9e-07     -1.224      0.221   -9.23e-07    2.13e-07
VOL_LAG12   5.158e-08   1.77e-07      0.292      0.770   -2.95e-07    3.98e-07
VOL_LAG13     1.5e-07   1.69e-07      0.889      0.374   -1.81e-07    4.81e-07
VOL_LAG14  -2.473e-07   2.82e-07     -0.876      0.381      -8e-07    3.06e-07
VOL_LAG15   6.064e-08   1.97e-07      0.308      0.758   -3.25e-07    4.47e-07
VOL_LAG16  -2.862e-07      3e-07     -0.955      0.340   -8.74e-07    3.01e-07
VOL_LAG17  -1.546e-07   2.73e-07     -0.567      0.571   -6.89e-07     3.8e-07
VOL_LAG18  -2.824e-07   3.03e-07     -0.931      0.352   -8.77e-07    3.12e-07
VOL_LAG19   4.571e-08   1.68e-07      0.272      0.786   -2.84e-07    3.75e-07
VOL_LAG2    1.182e-07   1.18e-07      0.998      0.318   -1.14e-07     3.5e-07
VOL_LAG20  -3.191e-08   2.31e-07     -0.138      0.890   -4.85e-07    4.22e-07
VOL_LAG21  -6.726e-08   2.27e-07     -0.297      0.767   -5.12e-07    3.77e-07
VOL_LAG22  -1.182e-07   2.42e-07     -0.489      0.625   -5.92e-07    3.56e-07
VOL_LAG23   1.191e-07   1.66e-07      0.716      0.474   -2.07e-07    4.45e-07
VOL_LAG24   1.158e-07   1.65e-07      0.704      0.482   -2.07e-07    4.38e-07
VOL_LAG25  -1.136e-07   2.39e-07     -0.475      0.635   -5.83e-07    3.56e-07
VOL_LAG26   2.147e-07   1.44e-07      1.492      0.136   -6.73e-08    4.97e-07
VOL_LAG27   7.863e-08   2.02e-07      0.390      0.697   -3.17e-07    4.74e-07
VOL_LAG28  -5.303e-07   3.67e-07     -1.445      0.148   -1.25e-06    1.89e-07
VOL_LAG29  -2.857e-07   3.34e-07     -0.856      0.392    -9.4e-07    3.69e-07
VOL_LAG3    2.543e-08   1.55e-07      0.164      0.870   -2.79e-07    3.29e-07
VOL_LAG30   1.617e-07   1.67e-07      0.968      0.333   -1.66e-07    4.89e-07
VOL_LAG31  -7.928e-08   2.48e-07     -0.319      0.750   -5.66e-07    4.07e-07
VOL_LAG32  -1.163e-07    2.7e-07     -0.431      0.667   -6.45e-07    4.13e-07
VOL_LAG33  -9.458e-08   2.54e-07     -0.372      0.710   -5.93e-07    4.03e-07
VOL_LAG34  -8.283e-08   2.49e-07     -0.333      0.739   -5.71e-07    4.05e-07
VOL_LAG35   1.101e-07   2.11e-07      0.522      0.602   -3.03e-07    5.23e-07
VOL_LAG36  -2.536e-07   3.01e-07     -0.841      0.400   -8.44e-07    3.37e-07
VOL_LAG37   2.673e-07   1.51e-07      1.776      0.076   -2.78e-08    5.62e-07
VOL_LAG38  -6.892e-07   3.97e-07     -1.735      0.083   -1.47e-06    8.92e-08
VOL_LAG39   8.053e-08   1.85e-07      0.435      0.664   -2.82e-07    4.43e-07
VOL_LAG4    2.121e-07   1.03e-07      2.052      0.040    9.54e-09    4.15e-07
VOL_LAG40  -2.386e-07   3.05e-07     -0.782      0.434   -8.37e-07     3.6e-07
VOL_LAG41   1.016e-08   2.23e-07      0.046      0.964   -4.26e-07    4.47e-07
VOL_LAG42   -2.36e-07    3.1e-07     -0.762      0.446   -8.43e-07    3.71e-07
VOL_LAG43  -2.823e-08   2.37e-07     -0.119      0.905   -4.92e-07    4.35e-07
VOL_LAG44  -3.197e-08   2.27e-07     -0.141      0.888   -4.76e-07    4.12e-07
VOL_LAG45   4.763e-08   1.87e-07      0.254      0.799    -3.2e-07    4.15e-07
VOL_LAG46     5.1e-08   1.93e-07      0.265      0.791   -3.27e-07    4.29e-07
VOL_LAG47   2.128e-08   2.27e-07      0.094      0.925   -4.23e-07    4.66e-07
VOL_LAG48  -5.212e-08   2.45e-07     -0.213      0.832   -5.33e-07    4.28e-07
VOL_LAG49   5.932e-08   2.04e-07      0.290      0.772   -3.41e-07     4.6e-07
VOL_LAG5    2.463e-07   1.05e-07      2.349      0.019    4.08e-08    4.52e-07
VOL_LAG50   -1.96e-07   3.08e-07     -0.636      0.525      -8e-07    4.08e-07
VOL_LAG51   6.349e-08   2.05e-07      0.309      0.757   -3.39e-07    4.66e-07
VOL_LAG52  -2.844e-07   3.39e-07     -0.839      0.401   -9.49e-07     3.8e-07
VOL_LAG53   8.088e-08   2.14e-07      0.378      0.706   -3.39e-07    5.01e-07
VOL_LAG54  -2.479e-07   3.25e-07     -0.763      0.445   -8.85e-07    3.89e-07
VOL_LAG55  -5.152e-08   2.22e-07     -0.232      0.817   -4.87e-07    3.84e-07
VOL_LAG56   1.594e-07   1.81e-07      0.879      0.379   -1.96e-07    5.15e-07
VOL_LAG57  -3.289e-07   3.47e-07     -0.947      0.343   -1.01e-06    3.51e-07
VOL_LAG58   3.647e-08   2.17e-07      0.168      0.866   -3.88e-07    4.61e-07
VOL_LAG59  -1.732e-07   2.81e-07     -0.617      0.537   -7.24e-07    3.77e-07
VOL_LAG6    1.373e-07   1.32e-07      1.038      0.299   -1.22e-07    3.97e-07
VOL_LAG60   1.802e-07   1.37e-07      1.316      0.188   -8.81e-08    4.48e-07
VOL_LAG7    2.157e-07   1.23e-07      1.754      0.080   -2.54e-08    4.57e-07
VOL_LAG8    4.547e-08   1.55e-07      0.294      0.769   -2.58e-07    3.49e-07
VOL_LAG9    1.243e-07   1.33e-07      0.932      0.351   -1.37e-07    3.86e-07
==============================================================================