                 Generalized Linear Model Regression Results                  
==============================================================================
Dep. Variable:                      Y   No. Observations:                15508
Model:                            GLM   Df Residuals:                    15027
Model Family:                Binomial   Df Model:                          480
Link Function:                  Logit   Scale:                          1.0000
Method:                          IRLS   Log-Likelihood:                -2621.4
Date:                Sun, 17 Mar 2024   Deviance:                       5242.9
Time:                        19:28:09   Pearson chi2:                 1.53e+04
No. Iterations:                     8   Pseudo R-squ. (CS):            0.07636
Covariance Type:            nonrobust                                         
=================================================================================
                    coef    std err          z      P>|z|      [0.025      0.975]
---------------------------------------------------------------------------------
Intercept        -3.8161      0.076    -50.002      0.000      -3.966      -3.667
RET_LAG1         70.8318     38.070      1.861      0.063      -3.784     145.448
RET_LAG10        32.5863     36.652      0.889      0.374     -39.250     104.423
RET_LAG100      -10.2285     56.627     -0.181      0.857    -121.215     100.758
RET_LAG101      -21.3503     52.559     -0.406      0.685    -124.364      81.664
RET_LAG102      -18.3900     55.273     -0.333      0.739    -126.723      89.943
RET_LAG103       13.3053     54.054      0.246      0.806     -92.639     119.250
RET_LAG104      -39.7261     47.802     -0.831      0.406    -133.416      53.964
RET_LAG105       92.7667     59.729      1.553      0.120     -24.300     209.833
RET_LAG106       24.6573     48.883      0.504      0.614     -71.152     120.467
RET_LAG107       43.3314     44.864      0.966      0.334     -44.601     131.264
RET_LAG108      118.5550     45.975      2.579      0.010      28.446     208.664
RET_LAG109      -12.7914     48.146     -0.266      0.790    -107.156      81.573
RET_LAG11        -6.7193     38.933     -0.173      0.863     -83.027      69.588
RET_LAG110       67.7960     48.741      1.391      0.164     -27.734     163.326
RET_LAG111       48.9841     48.683      1.006      0.314     -46.434     144.402
RET_LAG112       89.6305     51.326      1.746      0.081     -10.966     190.227
RET_LAG113       28.4922     45.261      0.630      0.529     -60.218     117.203
RET_LAG114       63.3628     51.967      1.219      0.223     -38.491     165.217
RET_LAG115       42.9811     46.279      0.929      0.353     -47.724     133.687
RET_LAG116      -91.6743     48.956     -1.873      0.061    -187.626       4.278
RET_LAG117       84.5872     47.506      1.781      0.075      -8.523     177.697
RET_LAG118       47.8156     46.606      1.026      0.305     -43.531     139.162
RET_LAG119      -46.5331     47.860     -0.972      0.331    -140.336      47.270
RET_LAG12        11.9247     39.169      0.304      0.761     -64.844      88.694
RET_LAG120      -14.5362     45.263     -0.321      0.748    -103.249      74.177
RET_LAG13        31.4288     36.858      0.853      0.394     -40.811     103.669
RET_LAG14         3.5516     37.552      0.095      0.925     -70.049      77.152
RET_LAG15        34.0191     40.406      0.842      0.400     -45.175     113.214
RET_LAG16        65.0688     38.618      1.685      0.092     -10.622     140.759
RET_LAG17        37.9841     40.134      0.946      0.344     -40.676     116.644
RET_LAG18        33.9152     37.959      0.893      0.372     -40.483     108.313
RET_LAG19         9.1593     40.936      0.224      0.823     -71.074      89.393
RET_LAG2         20.5943     38.357      0.537      0.591     -54.583      95.772
RET_LAG20        62.9097     42.038      1.497      0.135     -19.483     145.302
RET_LAG21       -26.9135     40.638     -0.662      0.508    -106.562      52.735
RET_LAG22         3.4461     39.264      0.088      0.930     -73.510      80.402
RET_LAG23       100.2612     39.407      2.544      0.011      23.024     177.498
RET_LAG24        -0.1998     41.073     -0.005      0.996     -80.702      80.303
RET_LAG25        14.3631     44.222      0.325      0.745     -72.310     101.036
RET_LAG26       -43.2741     38.936     -1.111      0.266    -119.588      33.040
RET_LAG27        84.2638     38.804      2.172      0.030       8.209     160.319
RET_LAG28        -7.2309     43.519     -0.166      0.868     -92.526      78.064
RET_LAG29        49.2309     45.353      1.086      0.278     -39.659     138.121
RET_LAG3         36.5750     38.980      0.938      0.348     -39.825     112.975
RET_LAG30        58.0423     42.285      1.373      0.170     -24.835     140.920
RET_LAG31        91.5807     41.248      2.220      0.026      10.735     172.426
RET_LAG32        17.0836     41.871      0.408      0.683     -64.982      99.149
RET_LAG33       101.1256     43.452      2.327      0.020      15.962     186.290
RET_LAG34       -99.1746     43.929     -2.258      0.024    -185.274     -13.076
RET_LAG35       -18.3795     39.038     -0.471      0.638     -94.893      58.134
RET_LAG36        74.1551     38.710      1.916      0.055      -1.715     150.026
RET_LAG37         3.8985     39.660      0.098      0.922     -73.833      81.630
RET_LAG38       143.0092     42.557      3.360      0.001      59.599     226.420
RET_LAG39        64.8426     45.923      1.412      0.158     -25.166     154.851
RET_LAG4         39.9533     36.932      1.082      0.279     -32.433     112.339
RET_LAG40       -29.9444     40.511     -0.739      0.460    -109.344      49.456
RET_LAG41        26.6347     43.225      0.616      0.538     -58.084     111.353
RET_LAG42       -14.6086     42.161     -0.346      0.729     -97.242      68.025
RET_LAG43        37.9498     41.007      0.925      0.355     -42.423     118.323
RET_LAG44       -34.6297     42.734     -0.810      0.418    -118.387      49.127
RET_LAG45       -22.8885     41.647     -0.550      0.583    -104.514      58.737
RET_LAG46       -15.9473     44.150     -0.361      0.718    -102.479      70.584
RET_LAG47       -17.3187     41.195     -0.420      0.674     -98.060      63.423
RET_LAG48        15.0055     46.488      0.323      0.747     -76.109     106.120
RET_LAG49       102.3817     46.989      2.179      0.029      10.285     194.478
RET_LAG5         65.7468     38.947      1.688      0.091     -10.588     142.082
RET_LAG50       -56.9613     45.352     -1.256      0.209    -145.849      31.926
RET_LAG51        74.0073     42.328      1.748      0.080      -8.954     156.969
RET_LAG52        31.5632     51.374      0.614      0.539     -69.128     132.255
RET_LAG53       -25.1995     45.993     -0.548      0.584    -115.344      64.945
RET_LAG54        71.1318     46.781      1.521      0.128     -20.558     162.821
RET_LAG55        21.8603     42.399      0.516      0.606     -61.241     104.962
RET_LAG56       -24.9582     43.562     -0.573      0.567    -110.339      60.423
RET_LAG57        36.7543     41.866      0.878      0.380     -45.301     118.809
RET_LAG58        40.5888     43.511      0.933      0.351     -44.692     125.870
RET_LAG59       -17.9940     40.518     -0.444      0.657     -97.407      61.419
RET_LAG6         -8.8884     36.451     -0.244      0.807     -80.331      62.554
RET_LAG60       150.6589     45.630      3.302      0.001      61.226     240.091
RET_LAG61       -69.7015     42.801     -1.629      0.103    -153.590      14.187
RET_LAG62        16.5612     43.404      0.382      0.703     -68.510     101.632
RET_LAG63        31.3252     41.467      0.755      0.450     -49.949     112.599
RET_LAG64        46.9881     42.864      1.096      0.273     -37.023     130.999
RET_LAG65        24.4280     43.424      0.563      0.574     -60.682     109.538
RET_LAG66         3.4889     42.457      0.082      0.935     -79.725      86.703
RET_LAG67        18.8009     45.242      0.416      0.678     -69.871     107.473
RET_LAG68       109.5160     42.231      2.593      0.010      26.744     192.288
RET_LAG69        -9.8513     43.851     -0.225      0.822     -95.797      76.094
RET_LAG7         14.8949     36.930      0.403      0.687     -57.486      87.276
RET_LAG70        30.2967     49.495      0.612      0.540     -66.712     127.305
RET_LAG71        94.1851     50.250      1.874      0.061      -4.303     192.673
RET_LAG72        24.2524     44.630      0.543      0.587     -63.220     111.725
RET_LAG73       -10.0358     44.001     -0.228      0.820     -96.277      76.206
RET_LAG74        62.7967     49.417      1.271      0.204     -34.058     159.652
RET_LAG75        15.3337     45.549      0.337      0.736     -73.940     104.607
RET_LAG76        24.4877     43.720      0.560      0.575     -61.202     110.177
RET_LAG77        -3.8390     45.841     -0.084      0.933     -93.685      86.007
RET_LAG78       -20.3389     46.404     -0.438      0.661    -111.289      70.611
RET_LAG79       -10.0863     44.690     -0.226      0.821     -97.678      77.505
RET_LAG8        110.6845     37.088      2.984      0.003      37.993     183.376
RET_LAG80       -17.3740     46.711     -0.372      0.710    -108.926      74.178
RET_LAG81        10.8246     48.513      0.223      0.823     -84.260     105.909
RET_LAG82       -36.9113     46.736     -0.790      0.430    -128.512      54.689
RET_LAG83         2.4641     44.293      0.056      0.956     -84.349      89.277
RET_LAG84       108.7988     46.764      2.327      0.020      17.143     200.455
RET_LAG85        42.8312     46.963      0.912      0.362     -49.215     134.877
RET_LAG86        72.0780     45.241      1.593      0.111     -16.592     160.748
RET_LAG87        32.9293     45.148      0.729      0.466     -55.559     121.417
RET_LAG88        66.3509     49.970      1.328      0.184     -31.589     164.291
RET_LAG89        22.4947     47.254      0.476      0.634     -70.121     115.110
RET_LAG9         18.4159     38.357      0.480      0.631     -56.763      93.595
RET_LAG90        54.8238     50.771      1.080      0.280     -44.686     154.334
RET_LAG91       107.3847     49.952      2.150      0.032       9.481     205.289
RET_LAG92        24.0533     43.514      0.553      0.580     -61.232     109.339
RET_LAG93        27.3767     47.205      0.580      0.562     -65.143     119.897
RET_LAG94        40.0943     51.726      0.775      0.438     -61.287     141.475
RET_LAG95        51.7220     44.247      1.169      0.242     -35.000     138.444
RET_LAG96        52.4180     51.484      1.018      0.309     -48.488     153.324
RET_LAG97        57.7268     45.495      1.269      0.204     -31.442     146.896
RET_LAG98        11.3361     44.611      0.254      0.799     -76.100      98.772
RET_LAG99        16.0363     48.961      0.328      0.743     -79.926     111.999
SQ_RET_LAG1    6346.5492   4359.219      1.456      0.145   -2197.362    1.49e+04
SQ_RET_LAG10   2918.0775   4407.291      0.662      0.508   -5720.055    1.16e+04
SQ_RET_LAG100 -2.993e+04   1.76e+04     -1.700      0.089   -6.44e+04    4571.244
SQ_RET_LAG101 -9412.8371   1.17e+04     -0.804      0.422   -3.24e+04    1.35e+04
SQ_RET_LAG102 -1.326e+04   1.37e+04     -0.970      0.332   -4.01e+04    1.35e+04
SQ_RET_LAG103 -1.786e+04   1.43e+04     -1.252      0.211   -4.58e+04    1.01e+04
SQ_RET_LAG104  4081.3862   6515.758      0.626      0.531   -8689.266    1.69e+04
SQ_RET_LAG105 -3.635e+04   2.07e+04     -1.753      0.080    -7.7e+04    4291.238
SQ_RET_LAG106   634.9044   7208.371      0.088      0.930   -1.35e+04    1.48e+04
SQ_RET_LAG107  3919.9144   4537.461      0.864      0.388   -4973.346    1.28e+04
SQ_RET_LAG108  1243.6268   4493.185      0.277      0.782   -7562.854    1.01e+04
SQ_RET_LAG109   794.5568   6267.092      0.127      0.899   -1.15e+04    1.31e+04
SQ_RET_LAG11   1379.8212   4848.181      0.285      0.776   -8122.438    1.09e+04
SQ_RET_LAG110 -3373.3505   7536.853     -0.448      0.654   -1.81e+04    1.14e+04
SQ_RET_LAG111  1.898e+04   1.01e+04      1.872      0.061    -894.963    3.88e+04
SQ_RET_LAG112 -1.663e+04   1.08e+04     -1.547      0.122   -3.77e+04    4441.110
SQ_RET_LAG113  1604.1974   4344.150      0.369      0.712   -6910.180    1.01e+04
SQ_RET_LAG114 -1.344e+04   1.02e+04     -1.320      0.187   -3.34e+04    6519.351
SQ_RET_LAG115  -783.9397   5479.652     -0.143      0.886   -1.15e+04    9955.982
SQ_RET_LAG116 -3238.4911   7040.376     -0.460      0.646    -1.7e+04    1.06e+04
SQ_RET_LAG117  2362.1342   5602.205      0.422      0.673   -8617.986    1.33e+04
SQ_RET_LAG118  5455.7496   4956.752      1.101      0.271   -4259.306    1.52e+04
SQ_RET_LAG119 -5006.7837   6213.781     -0.806      0.420   -1.72e+04    7172.004
SQ_RET_LAG12    262.7470   4995.784      0.053      0.958   -9528.810    1.01e+04
SQ_RET_LAG120   438.9792   4825.475      0.091      0.928   -9018.778    9896.736
SQ_RET_LAG13   5282.8332   4142.629      1.275      0.202   -2836.571    1.34e+04
SQ_RET_LAG14   5412.9560   3997.689      1.354      0.176   -2422.370    1.32e+04
SQ_RET_LAG15  -2650.4060   6583.948     -0.403      0.687   -1.56e+04    1.03e+04
SQ_RET_LAG16   3968.1004   4667.702      0.850      0.395   -5180.426    1.31e+04
SQ_RET_LAG17   -705.3465   5680.964     -0.124      0.901   -1.18e+04    1.04e+04
SQ_RET_LAG18   3902.9706   3896.874      1.002      0.317   -3734.761    1.15e+04
SQ_RET_LAG19  -2837.5510   5891.490     -0.482      0.630   -1.44e+04    8709.557
SQ_RET_LAG2    2383.7941   4848.861      0.492      0.623   -7119.798    1.19e+04
SQ_RET_LAG20  -1642.3304   5387.043     -0.305      0.760   -1.22e+04    8916.079
SQ_RET_LAG21   8371.0693   4623.942      1.810      0.070    -691.691    1.74e+04
SQ_RET_LAG22   -324.4406   4551.976     -0.071      0.943   -9246.150    8597.269
SQ_RET_LAG23   3220.4441   4366.677      0.738      0.461   -5338.086    1.18e+04
SQ_RET_LAG24  -2626.5742   5609.032     -0.468      0.640   -1.36e+04    8366.926
SQ_RET_LAG25  -7381.3263   8058.464     -0.916      0.360   -2.32e+04    8412.974
SQ_RET_LAG26   6963.8390   4249.794      1.639      0.101   -1365.605    1.53e+04
SQ_RET_LAG27   3685.1596   4436.992      0.831      0.406   -5011.185    1.24e+04
SQ_RET_LAG28  -7521.4543   7494.566     -1.004      0.316   -2.22e+04    7167.625
SQ_RET_LAG29  -9548.3067   9771.009     -0.977      0.328   -2.87e+04    9602.518
SQ_RET_LAG3    2910.0362   4353.702      0.668      0.504   -5623.062    1.14e+04
SQ_RET_LAG30    534.7065   5641.259      0.095      0.924   -1.05e+04    1.16e+04
SQ_RET_LAG31  -1574.9371   5727.963     -0.275      0.783   -1.28e+04    9651.664
SQ_RET_LAG32  -1810.0566   6025.627     -0.300      0.764   -1.36e+04    9999.955
SQ_RET_LAG33  -1293.3287   6143.248     -0.211      0.833   -1.33e+04    1.07e+04
SQ_RET_LAG34  -3328.3200   6577.854     -0.506      0.613   -1.62e+04    9564.037
SQ_RET_LAG35   6723.8869   4416.624      1.522      0.128   -1932.536    1.54e+04
SQ_RET_LAG36   4611.6308   3859.429      1.195      0.232   -2952.710    1.22e+04
SQ_RET_LAG37   6741.2941   4819.383      1.399      0.162   -2704.522    1.62e+04
SQ_RET_LAG38   -377.5558   4593.485     -0.082      0.934   -9380.622    8625.510
SQ_RET_LAG39  -9478.3308   9023.423     -1.050      0.294   -2.72e+04    8207.254
SQ_RET_LAG4    6512.9043   3885.949      1.676      0.094   -1103.416    1.41e+04
SQ_RET_LAG40   4897.1020   4055.802      1.207      0.227   -3052.123    1.28e+04
SQ_RET_LAG41  -4128.8053   6350.116     -0.650      0.516   -1.66e+04    8317.194
SQ_RET_LAG42    251.9219   5540.450      0.045      0.964   -1.06e+04    1.11e+04
SQ_RET_LAG43   2357.0926   4759.845      0.495      0.620   -6972.032    1.17e+04
SQ_RET_LAG44   2361.2160   5310.445      0.445      0.657   -8047.064    1.28e+04
SQ_RET_LAG45   2928.4734   5402.258      0.542      0.588   -7659.758    1.35e+04
SQ_RET_LAG46  -5768.7253   6763.745     -0.853      0.394    -1.9e+04    7487.972
SQ_RET_LAG47   6618.8717   4674.259      1.416      0.157   -2542.507    1.58e+04
SQ_RET_LAG48  -1.031e+04   9634.417     -1.071      0.284   -2.92e+04    8568.447
SQ_RET_LAG49  -1565.9099   6537.039     -0.240      0.811   -1.44e+04    1.12e+04
SQ_RET_LAG5     391.8321   4854.378      0.081      0.936   -9122.573    9906.238
SQ_RET_LAG50  -2880.9158   6039.966     -0.477      0.633   -1.47e+04    8957.200
SQ_RET_LAG51    749.4961   5445.315      0.138      0.891   -9923.125    1.14e+04
SQ_RET_LAG52  -2.987e+04   1.51e+04     -1.975      0.048   -5.95e+04    -234.797
SQ_RET_LAG53  -7436.7003   8414.888     -0.884      0.377   -2.39e+04    9056.178
SQ_RET_LAG54  -5084.2124   7545.588     -0.674      0.500   -1.99e+04    9704.869
SQ_RET_LAG55  -3230.6341   5460.633     -0.592      0.554   -1.39e+04    7472.010
SQ_RET_LAG56   2730.5697   6055.865      0.451      0.652   -9138.708    1.46e+04
SQ_RET_LAG57   4226.7015   4699.538      0.899      0.368   -4984.224    1.34e+04
SQ_RET_LAG58  -1716.2071   6872.892     -0.250      0.803   -1.52e+04    1.18e+04
SQ_RET_LAG59   4452.7167   4066.229      1.095      0.273   -3516.945    1.24e+04
SQ_RET_LAG6    7066.9533   3725.042      1.897      0.058    -233.994    1.44e+04
SQ_RET_LAG60  -1336.9597   5008.074     -0.267      0.789   -1.12e+04    8478.685
SQ_RET_LAG61   7984.8691   6679.365      1.195      0.232   -5106.445    2.11e+04
SQ_RET_LAG62   3348.0992   6006.588      0.557      0.577   -8424.597    1.51e+04
SQ_RET_LAG63   1015.3160   4977.897      0.204      0.838   -8741.183    1.08e+04
SQ_RET_LAG64  -8174.3886   5601.765     -1.459      0.144   -1.92e+04    2804.870
SQ_RET_LAG65  -1068.4203   6107.566     -0.175      0.861    -1.3e+04    1.09e+04
SQ_RET_LAG66   2580.2614   4768.907      0.541      0.588   -6766.625    1.19e+04
SQ_RET_LAG67   5989.8441   5122.359      1.169      0.242   -4049.795     1.6e+04
SQ_RET_LAG68  -6934.5447   5548.459     -1.250      0.211   -1.78e+04    3940.235
SQ_RET_LAG69  -4289.3855   5921.939     -0.724      0.469   -1.59e+04    7317.401
SQ_RET_LAG7    8632.2343   3953.803      2.183      0.029     882.924    1.64e+04
SQ_RET_LAG70  -1.766e+04   1.06e+04     -1.672      0.095   -3.84e+04    3040.571
SQ_RET_LAG71  -1.385e+04   1.19e+04     -1.162      0.245   -3.72e+04    9500.550
SQ_RET_LAG72   5189.0392   4847.852      1.070      0.284   -4312.577    1.47e+04
SQ_RET_LAG73   3770.9738   5507.359      0.685      0.494   -7023.252    1.46e+04
SQ_RET_LAG74  -9499.4887   9477.470     -1.002      0.316   -2.81e+04    9076.012
SQ_RET_LAG75  -5965.7647   6750.229     -0.884      0.377   -1.92e+04    7264.441
SQ_RET_LAG76   2372.7389   5345.484      0.444      0.657   -8104.217    1.28e+04
SQ_RET_LAG77  -4685.3297   7522.374     -0.623      0.533   -1.94e+04    1.01e+04
SQ_RET_LAG78   -563.1950   6432.083     -0.088      0.930   -1.32e+04     1.2e+04
SQ_RET_LAG79   -503.6382   5559.727     -0.091      0.928   -1.14e+04    1.04e+04
SQ_RET_LAG8    2573.4648   3914.571      0.657      0.511   -5098.954    1.02e+04
SQ_RET_LAG80  -2707.1904   6732.673     -0.402      0.688   -1.59e+04    1.05e+04
SQ_RET_LAG81  -9901.5551   7653.171     -1.294      0.196   -2.49e+04    5098.384
SQ_RET_LAG82    395.9672   6219.975      0.064      0.949   -1.18e+04    1.26e+04
SQ_RET_LAG83   1817.5881   5523.033      0.329      0.742   -9007.357    1.26e+04
SQ_RET_LAG84  -4202.7536   7345.243     -0.572      0.567   -1.86e+04    1.02e+04
SQ_RET_LAG85  -5739.1517   6515.850     -0.881      0.378   -1.85e+04    7031.680
SQ_RET_LAG86  -3943.1659   6135.923     -0.643      0.520    -1.6e+04    8083.022
SQ_RET_LAG87    726.5458   5602.992      0.130      0.897   -1.03e+04    1.17e+04
SQ_RET_LAG88  -5968.3708   8415.286     -0.709      0.478   -2.25e+04    1.05e+04
SQ_RET_LAG89  -6435.0166   7929.693     -0.812      0.417    -2.2e+04    9106.896
SQ_RET_LAG9    5698.6076   4254.949      1.339      0.180   -2640.939     1.4e+04
SQ_RET_LAG90  -9909.9088   1.06e+04     -0.935      0.350   -3.07e+04    1.09e+04
SQ_RET_LAG91  -6241.8391   8957.689     -0.697      0.486   -2.38e+04    1.13e+04
SQ_RET_LAG92   4609.8374   4769.951      0.966      0.334   -4739.095     1.4e+04
SQ_RET_LAG93   -129.4922   6075.276     -0.021      0.983    -1.2e+04    1.18e+04
SQ_RET_LAG94  -8960.6064   9766.451     -0.917      0.359   -2.81e+04    1.02e+04
SQ_RET_LAG95   4153.9031   4450.343      0.933      0.351   -4568.609    1.29e+04
SQ_RET_LAG96  -1.121e+04   1.08e+04     -1.033      0.302   -3.25e+04    1.01e+04
SQ_RET_LAG97   1978.9736   4537.533      0.436      0.663   -6914.427    1.09e+04
SQ_RET_LAG98   6508.7248   4946.471      1.316      0.188   -3186.181    1.62e+04
SQ_RET_LAG99  -4978.0273   6308.952     -0.789      0.430   -1.73e+04    7387.291
VIOL_LAG1         0.7351      0.167      4.394      0.000       0.407       1.063
VIOL_LAG10        0.1509      0.178      0.847      0.397      -0.198       0.500
VIOL_LAG100       0.0197      0.234      0.084      0.933      -0.438       0.478
VIOL_LAG101      -0.0264      0.229     -0.115      0.908      -0.475       0.422
VIOL_LAG102      -0.1376      0.232     -0.593      0.553      -0.592       0.317
VIOL_LAG103       0.2813      0.223      1.260      0.208      -0.156       0.719
VIOL_LAG104      -0.2903      0.224     -1.295      0.195      -0.730       0.149
VIOL_LAG105       0.4228      0.243      1.742      0.081      -0.053       0.898
VIOL_LAG106       0.3424      0.207      1.656      0.098      -0.063       0.748
VIOL_LAG107       0.1805      0.209      0.864      0.388      -0.229       0.590
VIOL_LAG108       0.0563      0.226      0.250      0.803      -0.386       0.498
VIOL_LAG109      -0.1956      0.220     -0.890      0.374      -0.627       0.235
VIOL_LAG11       -0.1729      0.189     -0.916      0.360      -0.543       0.197
VIOL_LAG110       0.6149      0.203      3.032      0.002       0.217       1.012
VIOL_LAG111       0.1851      0.221      0.837      0.402      -0.248       0.618
VIOL_LAG112       0.5236      0.213      2.464      0.014       0.107       0.940
VIOL_LAG113       0.2474      0.206      1.199      0.231      -0.157       0.652
VIOL_LAG114       0.2057      0.226      0.909      0.363      -0.238       0.649
VIOL_LAG115      -0.0926      0.221     -0.420      0.675      -0.525       0.340
VIOL_LAG116      -0.0614      0.214     -0.288      0.774      -0.480       0.357
VIOL_LAG117       0.1953      0.221      0.882      0.378      -0.239       0.629
VIOL_LAG118       0.0535      0.220      0.244      0.807      -0.377       0.484
VIOL_LAG119      -0.1204      0.216     -0.557      0.577      -0.544       0.303
VIOL_LAG12        0.1498      0.181      0.828      0.408      -0.205       0.505
VIOL_LAG120       0.2964      0.203      1.462      0.144      -0.101       0.694
VIOL_LAG13        0.0869      0.181      0.481      0.630      -0.267       0.441
VIOL_LAG14        0.0727      0.180      0.403      0.687      -0.281       0.426
VIOL_LAG15        0.1986      0.185      1.071      0.284      -0.165       0.562
VIOL_LAG16        0.1613      0.186      0.868      0.385      -0.203       0.525
VIOL_LAG17        0.4456      0.178      2.506      0.012       0.097       0.794
VIOL_LAG18        0.4500      0.176      2.557      0.011       0.105       0.795
VIOL_LAG19        0.1313      0.184      0.713      0.476      -0.229       0.492
VIOL_LAG2         0.3808      0.171      2.226      0.026       0.046       0.716
VIOL_LAG20        0.4662      0.185      2.522      0.012       0.104       0.828
VIOL_LAG21       -0.1448      0.192     -0.756      0.450      -0.520       0.231
VIOL_LAG22       -0.1376      0.190     -0.724      0.469      -0.510       0.235
VIOL_LAG23        0.1107      0.193      0.575      0.565      -0.267       0.488
VIOL_LAG24       -0.1293      0.193     -0.668      0.504      -0.509       0.250
VIOL_LAG25       -0.0112      0.204     -0.055      0.956      -0.411       0.388
VIOL_LAG26       -0.2748      0.195     -1.406      0.160      -0.658       0.108
VIOL_LAG27        0.1567      0.191      0.819      0.413      -0.218       0.532
VIOL_LAG28        0.0963      0.194      0.497      0.619      -0.284       0.476
VIOL_LAG29        0.3835      0.200      1.921      0.055      -0.008       0.775
VIOL_LAG3         0.5706      0.171      3.340      0.001       0.236       0.905
VIOL_LAG30        0.0804      0.200      0.401      0.688      -0.313       0.473
VIOL_LAG31        0.4782      0.184      2.592      0.010       0.117       0.840
VIOL_LAG32        0.3252      0.188      1.731      0.083      -0.043       0.693
VIOL_LAG33        0.3295      0.196      1.679      0.093      -0.055       0.714
VIOL_LAG34       -0.2432      0.197     -1.234      0.217      -0.629       0.143
VIOL_LAG35       -0.1892      0.195     -0.972      0.331      -0.571       0.192
VIOL_LAG36        0.3710      0.187      1.983      0.047       0.004       0.738
VIOL_LAG37        0.1261      0.187      0.673      0.501      -0.241       0.494
VIOL_LAG38        0.6563      0.188      3.482      0.000       0.287       1.026
VIOL_LAG39        0.2853      0.202      1.411      0.158      -0.111       0.682
VIOL_LAG4         0.3031      0.173      1.747      0.081      -0.037       0.643
VIOL_LAG40       -0.5166      0.212     -2.440      0.015      -0.932      -0.102
VIOL_LAG41        0.6273      0.181      3.463      0.001       0.272       0.982
VIOL_LAG42        0.1251      0.194      0.646      0.519      -0.255       0.505
VIOL_LAG43       -0.2264      0.209     -1.085      0.278      -0.635       0.182
VIOL_LAG44        0.1264      0.192      0.658      0.511      -0.250       0.503
VIOL_LAG45        0.0034      0.198      0.017      0.986      -0.385       0.392
VIOL_LAG46        0.0640      0.197      0.325      0.745      -0.322       0.450
VIOL_LAG47       -0.1673      0.202     -0.828      0.408      -0.564       0.229
VIOL_LAG48        0.1056      0.208      0.508      0.612      -0.302       0.513
VIOL_LAG49        0.1572      0.211      0.744      0.457      -0.257       0.571
VIOL_LAG5         0.4269      0.176      2.426      0.015       0.082       0.772
VIOL_LAG50        0.0561      0.193      0.291      0.771      -0.322       0.434
VIOL_LAG51        0.3566      0.195      1.828      0.068      -0.026       0.739
VIOL_LAG52        0.3443      0.216      1.596      0.111      -0.079       0.767
VIOL_LAG53        0.0124      0.203      0.061      0.951      -0.386       0.411
VIOL_LAG54        0.1814      0.209      0.869      0.385      -0.228       0.590
VIOL_LAG55        0.0970      0.200      0.485      0.628      -0.295       0.489
VIOL_LAG56       -0.0310      0.198     -0.156      0.876      -0.419       0.357
VIOL_LAG57        0.1258      0.200      0.629      0.529      -0.266       0.518
VIOL_LAG58        0.1884      0.203      0.926      0.355      -0.210       0.587
VIOL_LAG59        0.1628      0.191      0.854      0.393      -0.211       0.536
VIOL_LAG6         0.1641      0.174      0.941      0.347      -0.178       0.506
VIOL_LAG60        0.2804      0.211      1.326      0.185      -0.134       0.695
VIOL_LAG61       -0.1767      0.209     -0.845      0.398      -0.586       0.233
VIOL_LAG62       -0.0301      0.206     -0.146      0.884      -0.434       0.374
VIOL_LAG63        0.3632      0.195      1.862      0.063      -0.019       0.746
VIOL_LAG64        0.2414      0.200      1.210      0.226      -0.150       0.633
VIOL_LAG65        0.2056      0.201      1.021      0.307      -0.189       0.600
VIOL_LAG66       -0.0663      0.205     -0.323      0.747      -0.469       0.336
VIOL_LAG67        0.2480      0.204      1.216      0.224      -0.152       0.648
VIOL_LAG68        0.4934      0.192      2.567      0.010       0.117       0.870
VIOL_LAG69        0.0912      0.200      0.455      0.649      -0.302       0.484
VIOL_LAG7         0.2428      0.177      1.371      0.170      -0.104       0.590
VIOL_LAG70       -0.0347      0.220     -0.158      0.874      -0.466       0.396
VIOL_LAG71        0.4049      0.215      1.885      0.059      -0.016       0.826
VIOL_LAG72        0.0992      0.208      0.478      0.633      -0.308       0.506
VIOL_LAG73       -0.0168      0.209     -0.081      0.936      -0.426       0.393
VIOL_LAG74        0.2667      0.217      1.231      0.218      -0.158       0.691
VIOL_LAG75        0.0537      0.210      0.255      0.798      -0.359       0.466
VIOL_LAG76        0.1915      0.206      0.930      0.352      -0.212       0.595
VIOL_LAG77        0.1156      0.208      0.556      0.578      -0.292       0.523
VIOL_LAG78       -0.0794      0.215     -0.368      0.713      -0.502       0.343
VIOL_LAG79       -0.1556      0.213     -0.731      0.465      -0.573       0.261
VIOL_LAG8         0.3195      0.181      1.763      0.078      -0.036       0.675
VIOL_LAG80       -0.0251      0.214     -0.117      0.907      -0.445       0.395
VIOL_LAG81        0.1664      0.209      0.798      0.425      -0.242       0.575
VIOL_LAG82       -0.0861      0.213     -0.405      0.686      -0.503       0.331
VIOL_LAG83        0.0675      0.208      0.324      0.746      -0.340       0.475
VIOL_LAG84        0.5811      0.206      2.826      0.005       0.178       0.984
VIOL_LAG85        0.2855      0.204      1.400      0.162      -0.114       0.685
VIOL_LAG86       -0.0774      0.223     -0.347      0.729      -0.515       0.360
VIOL_LAG87       -0.2005      0.225     -0.889      0.374      -0.642       0.241
VIOL_LAG88        0.1650      0.220      0.749      0.454      -0.267       0.597
VIOL_LAG89        0.0709      0.215      0.329      0.742      -0.351       0.493
VIOL_LAG9         0.1930      0.179      1.080      0.280      -0.157       0.543
VIOL_LAG90        0.5007      0.211      2.376      0.017       0.088       0.914
VIOL_LAG91        0.0669      0.227      0.295      0.768      -0.378       0.512
VIOL_LAG92       -0.0235      0.212     -0.111      0.912      -0.440       0.393
VIOL_LAG93        0.0591      0.215      0.275      0.784      -0.363       0.481
VIOL_LAG94        0.2406      0.220      1.091      0.275      -0.191       0.673
VIOL_LAG95        0.1457      0.212      0.686      0.493      -0.271       0.562
VIOL_LAG96        0.3975      0.212      1.873      0.061      -0.018       0.813
VIOL_LAG97        0.2947      0.204      1.443      0.149      -0.105       0.695
VIOL_LAG98       -0.1583      0.219     -0.724      0.469      -0.587       0.270
VIOL_LAG99        0.2328      0.205      1.137      0.255      -0.168       0.634
VOL_LAG1        4.48e-07   9.31e-08      4.814      0.000    2.66e-07     6.3e-07
VOL_LAG10      2.756e-07   1.31e-07      2.107      0.035    1.92e-08    5.32e-07
VOL_LAG100     9.778e-08   2.23e-07      0.439      0.661   -3.39e-07    5.35e-07
VOL_LAG101     1.226e-07   2.02e-07      0.606      0.545   -2.74e-07    5.19e-07
VOL_LAG102    -1.837e-07   3.67e-07     -0.501      0.616   -9.02e-07    5.35e-07
VOL_LAG103     2.068e-07   1.89e-07      1.092      0.275   -1.65e-07    5.78e-07
VOL_LAG104    -2.396e-07   4.23e-07     -0.566      0.571   -1.07e-06     5.9e-07
VOL_LAG105    -6.831e-09   3.13e-07     -0.022      0.983    -6.2e-07    6.06e-07
VOL_LAG106    -3.955e-07   5.18e-07     -0.763      0.445   -1.41e-06     6.2e-07
VOL_LAG107     2.626e-08   2.67e-07      0.098      0.922   -4.97e-07    5.49e-07
VOL_LAG108    -9.589e-08   3.13e-07     -0.306      0.759   -7.09e-07    5.18e-07
VOL_LAG109     2.361e-07   1.58e-07      1.490      0.136   -7.45e-08    5.47e-07
VOL_LAG11     -2.922e-07   3.02e-07     -0.969      0.333   -8.83e-07    2.99e-07
VOL_LAG110     5.362e-08   2.75e-07      0.195      0.846   -4.86e-07    5.93e-07
VOL_LAG111    -3.103e-07   4.26e-07     -0.728      0.467   -1.15e-06    5.26e-07
VOL_LAG112     2.428e-07   1.81e-07      1.343      0.179   -1.12e-07    5.97e-07
VOL_LAG113    -2.666e-07   4.58e-07     -0.583      0.560   -1.16e-06     6.3e-07
VOL_LAG114     2.707e-07   1.63e-07      1.658      0.097   -4.93e-08    5.91e-07
VOL_LAG115     3.944e-08   2.59e-07      0.152      0.879   -4.68e-07    5.47e-07
VOL_LAG116    -3.172e-08   3.96e-07     -0.080      0.936   -8.07e-07    7.44e-07
VOL_LAG117    -1.811e-06   7.86e-07     -2.304      0.021   -3.35e-06    -2.7e-07
VOL_LAG118    -3.666e-07   4.82e-07     -0.760      0.447   -1.31e-06    5.78e-07
VOL_LAG119     1.735e-08   2.62e-07      0.066      0.947   -4.97e-07    5.32e-07
VOL_LAG12      2.677e-08   1.93e-07      0.139      0.890   -3.52e-07    4.05e-07
VOL_LAG120    -6.906e-08   2.86e-07     -0.242      0.809   -6.29e-07    4.91e-07
VOL_LAG13      1.838e-07   1.69e-07      1.084      0.278   -1.48e-07    5.16e-07
VOL_LAG14     -1.667e-07   2.78e-07     -0.599      0.549   -7.12e-07    3.78e-07
VOL_LAG15      1.281e-07   1.87e-07      0.684      0.494   -2.39e-07    4.95e-07
VOL_LAG16     -3.237e-07   3.48e-07     -0.930      0.352   -1.01e-06    3.59e-07
VOL_LAG17     -8.237e-08   2.83e-07     -0.291      0.771   -6.38e-07    4.73e-07
VOL_LAG18     -2.836e-07   3.37e-07     -0.841      0.400   -9.44e-07    3.77e-07
VOL_LAG19      4.098e-08   1.81e-07      0.227      0.821   -3.13e-07    3.95e-07
VOL_LAG2       1.117e-07   1.33e-07      0.840      0.401   -1.49e-07    3.72e-07
VOL_LAG20      8.095e-08   2.21e-07      0.366      0.714   -3.53e-07    5.15e-07
VOL_LAG21      2.849e-11   2.23e-07      0.000      1.000   -4.37e-07    4.37e-07
VOL_LAG22     -1.103e-07   2.64e-07     -0.417      0.677   -6.29e-07    4.08e-07
VOL_LAG23      9.061e-08   1.83e-07      0.495      0.621   -2.68e-07     4.5e-07
VOL_LAG24       1.33e-07   1.71e-07      0.779      0.436   -2.02e-07    4.68e-07
VOL_LAG25     -4.059e-08   2.51e-07     -0.162      0.871   -5.32e-07    4.51e-07
VOL_LAG26      2.721e-07   1.48e-07      1.836      0.066   -1.84e-08    5.63e-07
VOL_LAG27      6.167e-08    2.3e-07      0.268      0.788   -3.89e-07    5.12e-07
VOL_LAG28     -5.615e-07   4.03e-07     -1.392      0.164   -1.35e-06    2.29e-07
VOL_LAG29     -2.388e-07   3.59e-07     -0.665      0.506   -9.43e-07    4.65e-07
VOL_LAG3       6.118e-09   1.77e-07      0.035      0.972   -3.41e-07    3.54e-07
VOL_LAG30      2.239e-07   1.76e-07      1.273      0.203   -1.21e-07    5.69e-07
VOL_LAG31      5.952e-10   2.51e-07      0.002      0.998   -4.92e-07    4.93e-07
VOL_LAG32     -2.489e-07   3.52e-07     -0.708      0.479   -9.38e-07     4.4e-07
VOL_LAG33      1.678e-10   2.58e-07      0.001      0.999   -5.05e-07    5.05e-07
VOL_LAG34     -2.421e-08   2.66e-07     -0.091      0.928   -5.46e-07    4.97e-07
VOL_LAG35      2.453e-08   2.48e-07      0.099      0.921   -4.62e-07    5.11e-07
VOL_LAG36     -1.757e-07   3.04e-07     -0.579      0.563   -7.71e-07    4.19e-07
VOL_LAG37      2.827e-07   1.68e-07      1.680      0.093   -4.71e-08    6.13e-07
VOL_LAG38     -9.364e-07   4.28e-07     -2.188      0.029   -1.78e-06   -9.76e-08
VOL_LAG39      1.258e-07   1.79e-07      0.702      0.483   -2.25e-07    4.77e-07
VOL_LAG4       2.468e-07    1.1e-07      2.254      0.024    3.22e-08    4.62e-07
VOL_LAG40       1.07e-08   2.65e-07      0.040      0.968   -5.09e-07     5.3e-07
VOL_LAG41      7.529e-08   2.13e-07      0.353      0.724   -3.42e-07    4.93e-07
VOL_LAG42     -8.427e-08   2.96e-07     -0.284      0.776   -6.65e-07    4.97e-07
VOL_LAG43      1.196e-09    2.6e-07      0.005      0.996   -5.09e-07    5.11e-07
VOL_LAG44     -9.217e-08   2.67e-07     -0.345      0.730   -6.16e-07    4.31e-07
VOL_LAG45      7.291e-08   1.92e-07      0.381      0.703   -3.03e-07    4.48e-07
VOL_LAG46      1.079e-08   2.34e-07      0.046      0.963   -4.47e-07    4.69e-07
VOL_LAG47      6.994e-09   2.88e-07      0.024      0.981   -5.57e-07    5.71e-07
VOL_LAG48     -1.049e-07   2.84e-07     -0.369      0.712   -6.62e-07    4.52e-07
VOL_LAG49      5.296e-08   2.27e-07      0.233      0.816   -3.92e-07    4.98e-07
VOL_LAG5       2.563e-07   1.11e-07      2.305      0.021    3.83e-08    4.74e-07
VOL_LAG50     -1.715e-07   3.41e-07     -0.502      0.615    -8.4e-07    4.97e-07
VOL_LAG51     -1.048e-07   2.84e-07     -0.369      0.712   -6.61e-07    4.52e-07
VOL_LAG52      2.272e-08   2.41e-07      0.094      0.925   -4.49e-07    4.94e-07
VOL_LAG53      1.269e-07   2.32e-07      0.548      0.584   -3.27e-07    5.81e-07
VOL_LAG54     -7.181e-08   2.86e-07     -0.251      0.802   -6.32e-07    4.88e-07
VOL_LAG55      9.267e-09   2.29e-07      0.040      0.968    -4.4e-07    4.59e-07
VOL_LAG56      2.007e-07   1.89e-07      1.065      0.287   -1.69e-07     5.7e-07
VOL_LAG57     -2.438e-07   3.61e-07     -0.675      0.500   -9.52e-07    4.64e-07
VOL_LAG58      4.656e-08   2.51e-07      0.185      0.853   -4.46e-07    5.39e-07
VOL_LAG59     -7.039e-08   2.79e-07     -0.252      0.801   -6.17e-07    4.76e-07
VOL_LAG6       9.986e-08   1.56e-07      0.640      0.522   -2.06e-07    4.06e-07
VOL_LAG60      2.335e-07   1.47e-07      1.584      0.113   -5.55e-08    5.23e-07
VOL_LAG61      3.053e-07    1.7e-07      1.797      0.072   -2.76e-08    6.38e-07
VOL_LAG62     -7.255e-07   4.69e-07     -1.548      0.122   -1.64e-06    1.93e-07
VOL_LAG63     -2.915e-07   3.65e-07     -0.799      0.424   -1.01e-06    4.23e-07
VOL_LAG64      1.043e-07   2.44e-07      0.428      0.669   -3.73e-07    5.82e-07
VOL_LAG65     -4.273e-07   3.86e-07     -1.106      0.269   -1.18e-06     3.3e-07
VOL_LAG66      1.003e-07   2.12e-07      0.474      0.635   -3.14e-07    5.15e-07
VOL_LAG67      1.343e-08   2.51e-07      0.053      0.957   -4.79e-07    5.06e-07
VOL_LAG68       6.18e-08   2.54e-07      0.243      0.808   -4.36e-07     5.6e-07
VOL_LAG69     -2.619e-07   3.69e-07     -0.709      0.478   -9.86e-07    4.62e-07
VOL_LAG7       1.664e-07   1.45e-07      1.149      0.251   -1.17e-07     4.5e-07
VOL_LAG70      9.268e-08   2.53e-07      0.366      0.714   -4.03e-07    5.88e-07
VOL_LAG71     -6.403e-07   5.35e-07     -1.197      0.231   -1.69e-06    4.08e-07
VOL_LAG72      5.618e-08    2.4e-07      0.234      0.815   -4.14e-07    5.27e-07
VOL_LAG73      6.833e-08   2.34e-07      0.292      0.771   -3.91e-07    5.28e-07
VOL_LAG74      8.705e-08   2.11e-07      0.413      0.680   -3.26e-07       5e-07
VOL_LAG75      1.028e-07   2.13e-07      0.483      0.629   -3.14e-07     5.2e-07
VOL_LAG76      1.409e-07   1.76e-07      0.801      0.423   -2.04e-07    4.86e-07
VOL_LAG77      2.037e-07   2.46e-07      0.827      0.408   -2.79e-07    6.86e-07
VOL_LAG78     -9.124e-07   5.56e-07     -1.641      0.101      -2e-06    1.78e-07
VOL_LAG79     -1.995e-07   3.69e-07     -0.541      0.588   -9.22e-07    5.23e-07
VOL_LAG8       4.385e-08   1.64e-07      0.268      0.789   -2.77e-07    3.64e-07
VOL_LAG80      2.127e-07   1.78e-07      1.194      0.232   -1.36e-07    5.62e-07
VOL_LAG81     -1.635e-07   3.59e-07     -0.455      0.649   -8.67e-07     5.4e-07
VOL_LAG82     -3.119e-07   4.07e-07     -0.766      0.443   -1.11e-06    4.86e-07
VOL_LAG83      1.575e-07   1.77e-07      0.888      0.375    -1.9e-07    5.05e-07
VOL_LAG84      3.295e-07   1.25e-07      2.637      0.008    8.46e-08    5.74e-07
VOL_LAG85      -1.29e-07   2.93e-07     -0.441      0.659   -7.03e-07    4.45e-07
VOL_LAG86      1.971e-07   1.82e-07      1.086      0.278   -1.59e-07    5.53e-07
VOL_LAG87     -8.778e-08   3.38e-07     -0.260      0.795    -7.5e-07    5.74e-07
VOL_LAG88     -2.909e-07   4.11e-07     -0.709      0.479    -1.1e-06    5.14e-07
VOL_LAG89      2.527e-07   1.77e-07      1.427      0.153   -9.43e-08       6e-07
VOL_LAG9       1.353e-07   1.43e-07      0.946      0.344   -1.45e-07    4.16e-07
VOL_LAG90     -3.724e-08   3.01e-07     -0.124      0.901   -6.27e-07    5.52e-07
VOL_LAG91     -1.815e-07   3.94e-07     -0.461      0.645   -9.53e-07     5.9e-07
VOL_LAG92     -5.481e-07   5.06e-07     -1.083      0.279   -1.54e-06    4.44e-07
VOL_LAG93     -5.557e-08   3.13e-07     -0.177      0.859   -6.69e-07    5.58e-07
VOL_LAG94     -2.931e-08   2.93e-07     -0.100      0.920   -6.04e-07    5.45e-07
VOL_LAG95      5.134e-08   2.17e-07      0.237      0.813   -3.74e-07    4.76e-07
VOL_LAG96      7.443e-08   2.31e-07      0.322      0.747   -3.78e-07    5.27e-07
VOL_LAG97      1.764e-07   1.93e-07      0.914      0.361   -2.02e-07    5.55e-07
VOL_LAG98     -6.453e-08   2.81e-07     -0.230      0.818   -6.15e-07    4.86e-07
VOL_LAG99      -4.86e-07   4.68e-07     -1.038      0.299    -1.4e-06    4.32e-07
=================================================================================