                 Generalized Linear Model Regression Results                  
==============================================================================
Dep. Variable:                      Y   No. Observations:                15508
Model:                            GLM   Df Residuals:                    15267
Model Family:                Binomial   Df Model:                          240
Link Function:                  Logit   Scale:                          1.0000
Method:                          IRLS   Log-Likelihood:                -2955.7
Date:                Sun, 17 Mar 2024   Deviance:                       5911.3
Time:                        19:24:12   Pearson chi2:                 1.65e+04
No. Iterations:                     8   Pseudo R-squ. (CS):            0.03568
Covariance Type:            nonrobust                                         
==============================================================================
                 coef    std err          z      P>|z|      [0.025      0.975]
------------------------------------------------------------------------------
Intercept     -3.0891      0.059    -52.454      0.000      -3.205      -2.974
RET_LAG1     -56.5612     32.928     -1.718      0.086    -121.100       7.977
RET_LAG10    -11.6188     32.169     -0.361      0.718     -74.669      51.431
RET_LAG100   -19.7079     41.279     -0.477      0.633    -100.613      61.197
RET_LAG101    -9.9642     40.934     -0.243      0.808     -90.194      70.265
RET_LAG102    -7.2121     42.684     -0.169      0.866     -90.871      76.447
RET_LAG103     7.7554     41.364      0.187      0.851     -73.317      88.828
RET_LAG104    11.5392     42.042      0.274      0.784     -70.862      93.940
RET_LAG105    41.2900     42.287      0.976      0.329     -41.591     124.172
RET_LAG106    -2.9255     40.410     -0.072      0.942     -82.128      76.277
RET_LAG107    45.9018     40.395      1.136      0.256     -33.272     125.075
RET_LAG108   126.7705     38.547      3.289      0.001      51.220     202.321
RET_LAG109    12.5599     39.686      0.316      0.752     -65.224      90.343
RET_LAG11      4.6547     32.027      0.145      0.884     -58.118      67.427
RET_LAG110     3.7324     39.333      0.095      0.924     -73.359      80.824
RET_LAG111    41.5133     40.651      1.021      0.307     -38.161     121.187
RET_LAG112     2.2006     39.595      0.056      0.956     -75.405      79.806
RET_LAG113     8.5587     39.675      0.216      0.829     -69.203      86.321
RET_LAG114    48.3254     39.217      1.232      0.218     -28.539     125.190
RET_LAG115    63.0667     41.367      1.525      0.127     -18.011     144.144
RET_LAG116   -92.5210     41.929     -2.207      0.027    -174.700     -10.342
RET_LAG117    72.7298     44.095      1.649      0.099     -13.694     159.153
RET_LAG118    68.4804     40.455      1.693      0.091     -10.810     147.771
RET_LAG119   -35.7913     40.400     -0.886      0.376    -114.973      43.390
RET_LAG12    -36.0619     32.146     -1.122      0.262     -99.067      26.943
RET_LAG120   -59.6129     41.036     -1.453      0.146    -140.041      20.816
RET_LAG13     19.3330     31.883      0.606      0.544     -43.157      81.823
RET_LAG14     -6.5504     32.417     -0.202      0.840     -70.087      56.986
RET_LAG15     -0.8390     32.752     -0.026      0.980     -65.032      63.354
RET_LAG16     44.3511     32.514      1.364      0.173     -19.376     108.078
RET_LAG17    -17.8792     32.906     -0.543      0.587     -82.373      46.615
RET_LAG18    -33.3458     33.228     -1.004      0.316     -98.471      31.779
RET_LAG19    -16.2848     33.147     -0.491      0.623     -81.252      48.682
RET_LAG2     -62.6785     32.897     -1.905      0.057    -127.155       1.798
RET_LAG20     -7.8978     33.120     -0.238      0.812     -72.811      57.016
RET_LAG21    -19.6575     33.576     -0.585      0.558     -85.466      46.151
RET_LAG22     -7.1181     33.404     -0.213      0.831     -72.588      58.352
RET_LAG23    100.9597     32.112      3.144      0.002      38.020     163.899
RET_LAG24      6.7034     33.760      0.199      0.843     -59.466      72.873
RET_LAG25     11.6231     32.401      0.359      0.720     -51.882      75.128
RET_LAG26    -36.7688     33.103     -1.111      0.267    -101.649      28.111
RET_LAG27     68.1359     33.636      2.026      0.043       2.211     134.061
RET_LAG28     -6.8060     32.731     -0.208      0.835     -70.958      57.346
RET_LAG29    -10.3824     33.519     -0.310      0.757     -76.078      55.313
RET_LAG3     -92.8382     33.130     -2.802      0.005    -157.772     -27.904
RET_LAG30     47.6229     32.966      1.445      0.149     -16.990     112.236
RET_LAG31     15.4586     34.148      0.453      0.651     -51.470      82.387
RET_LAG32    -36.2366     34.533     -1.049      0.294    -103.920      31.446
RET_LAG33     53.1036     33.580      1.581      0.114     -12.711     118.918
RET_LAG34    -62.6323     34.608     -1.810      0.070    -130.462       5.197
RET_LAG35      8.8110     33.944      0.260      0.795     -57.717      75.339
RET_LAG36     25.8596     33.996      0.761      0.447     -40.771      92.490
RET_LAG37    -22.8383     34.656     -0.659      0.510     -90.763      45.086
RET_LAG38     30.0308     33.668      0.892      0.372     -35.958      96.019
RET_LAG39     23.1281     34.484      0.671      0.502     -44.459      90.716
RET_LAG4      -6.8693     32.975     -0.208      0.835     -71.499      57.760
RET_LAG40     50.5197     33.628      1.502      0.133     -15.389     116.429
RET_LAG41    -48.4110     33.960     -1.426      0.154    -114.971      18.149
RET_LAG42    -41.3221     34.927     -1.183      0.237    -109.777      27.133
RET_LAG43     66.5780     34.188      1.947      0.051      -0.430     133.586
RET_LAG44    -47.1502     34.466     -1.368      0.171    -114.702      20.402
RET_LAG45    -39.2741     34.355     -1.143      0.253    -106.609      28.061
RET_LAG46    -28.0960     34.569     -0.813      0.416     -95.850      39.658
RET_LAG47    -10.4587     34.379     -0.304      0.761     -77.840      56.923
RET_LAG48    -13.4298     34.620     -0.388      0.698     -81.284      54.424
RET_LAG49     54.5980     34.560      1.580      0.114     -13.138     122.334
RET_LAG5     -13.2307     33.092     -0.400      0.689     -78.089      51.628
RET_LAG50    -90.6494     34.168     -2.653      0.008    -157.618     -23.681
RET_LAG51     -1.7053     34.886     -0.049      0.961     -70.080      66.670
RET_LAG52    -41.2523     35.247     -1.170      0.242    -110.335      27.830
RET_LAG53    -56.2541     34.642     -1.624      0.104    -124.151      11.643
RET_LAG54     25.1132     35.232      0.713      0.476     -43.940      94.166
RET_LAG55     -1.0286     34.513     -0.030      0.976     -68.673      66.615
RET_LAG56    -28.2407     35.489     -0.796      0.426     -97.797      41.316
RET_LAG57     -5.4706     35.239     -0.155      0.877     -74.537      63.596
RET_LAG58      9.3432     34.852      0.268      0.789     -58.966      77.653
RET_LAG59    -57.8113     35.418     -1.632      0.103    -127.229      11.606
RET_LAG6     -40.3746     32.756     -1.233      0.218    -104.576      23.827
RET_LAG60    115.6773     32.936      3.512      0.000      51.124     180.231
RET_LAG61    -63.9686     33.771     -1.894      0.058    -130.159       2.222
RET_LAG62    -12.8428     35.190     -0.365      0.715     -81.813      56.127
RET_LAG63    -38.8689     35.022     -1.110      0.267    -107.510      29.772
RET_LAG64      3.6869     34.429      0.107      0.915     -63.793      71.167
RET_LAG65    -11.8620     35.148     -0.337      0.736     -80.752      57.028
RET_LAG66     -4.8716     34.968     -0.139      0.889     -73.408      63.665
RET_LAG67    -33.0658     34.972     -0.945      0.344    -101.610      35.479
RET_LAG68     46.7428     34.514      1.354      0.176     -20.903     114.389
RET_LAG69    -26.1437     35.591     -0.735      0.463     -95.900      43.613
RET_LAG7     -63.9265     32.810     -1.948      0.051    -128.234       0.381
RET_LAG70     -1.2940     35.538     -0.036      0.971     -70.947      68.359
RET_LAG71     19.8276     36.127      0.549      0.583     -50.981      90.636
RET_LAG72     13.9087     35.361      0.393      0.694     -55.398      83.215
RET_LAG73    -33.7802     35.250     -0.958      0.338    -102.868      35.308
RET_LAG74     13.6208     36.534      0.373      0.709     -57.985      85.227
RET_LAG75      6.0645     35.536      0.171      0.864     -63.584      75.713
RET_LAG76     -7.2264     35.789     -0.202      0.840     -77.372      62.919
RET_LAG77    -34.5961     36.150     -0.957      0.339    -105.449      36.257
RET_LAG78    -15.8534     38.362     -0.413      0.679     -91.041      59.334
RET_LAG79      2.5608     35.927      0.071      0.943     -67.855      72.976
RET_LAG8      80.1193     31.555      2.539      0.011      18.272     141.966
RET_LAG80    -13.1955     37.216     -0.355      0.723     -86.137      59.746
RET_LAG81    -21.6943     38.131     -0.569      0.569     -96.430      53.041
RET_LAG82    -16.8902     38.079     -0.444      0.657     -91.525      57.744
RET_LAG83    -28.7003     37.028     -0.775      0.438    -101.274      43.873
RET_LAG84     10.5080     38.437      0.273      0.785     -64.827      85.843
RET_LAG85     -5.1993     38.237     -0.136      0.892     -80.143      69.744
RET_LAG86     67.3707     38.223      1.763      0.078      -7.546     142.287
RET_LAG87     65.2776     39.046      1.672      0.095     -11.250     141.805
RET_LAG88     40.4471     38.802      1.042      0.297     -35.604     116.499
RET_LAG89     20.2018     37.899      0.533      0.594     -54.079      94.483
RET_LAG9     -25.7531     31.950     -0.806      0.420     -88.374      36.867
RET_LAG90      0.2155     38.576      0.006      0.996     -75.393      75.824
RET_LAG91    108.2730     39.710      2.727      0.006      30.442     186.104
RET_LAG92     37.1796     39.788      0.934      0.350     -40.803     115.162
RET_LAG93     24.7538     39.909      0.620      0.535     -53.466     102.973
RET_LAG94     22.0952     39.886      0.554      0.580     -56.079     100.270
RET_LAG95     66.7940     40.101      1.666      0.096     -11.803     145.391
RET_LAG96     45.0759     39.283      1.147      0.251     -31.917     122.069
RET_LAG97      7.5051     40.145      0.187      0.852     -71.177      86.187
RET_LAG98     30.0164     40.923      0.733      0.463     -50.191     110.223
RET_LAG99     -9.2921     40.561     -0.229      0.819     -88.790      70.206
VOL_LAG1    4.536e-07   8.22e-08      5.521      0.000    2.93e-07    6.15e-07
VOL_LAG10   2.842e-07   9.49e-08      2.996      0.003    9.83e-08     4.7e-07
VOL_LAG100 -1.425e-08   2.67e-07     -0.053      0.957   -5.37e-07    5.09e-07
VOL_LAG101   1.09e-07   2.31e-07      0.472      0.637   -3.44e-07    5.62e-07
VOL_LAG102 -4.585e-07   5.28e-07     -0.869      0.385   -1.49e-06    5.76e-07
VOL_LAG103  1.713e-07   1.95e-07      0.878      0.380   -2.11e-07    5.54e-07
VOL_LAG104 -3.611e-07   4.93e-07     -0.732      0.464   -1.33e-06    6.06e-07
VOL_LAG105 -8.017e-08   3.35e-07     -0.240      0.811   -7.36e-07    5.76e-07
VOL_LAG106 -3.907e-07   4.88e-07     -0.801      0.423   -1.35e-06    5.66e-07
VOL_LAG107  3.879e-08   2.44e-07      0.159      0.874   -4.39e-07    5.17e-07
VOL_LAG108 -6.578e-08   2.65e-07     -0.248      0.804   -5.85e-07    4.53e-07
VOL_LAG109  1.816e-07   1.51e-07      1.199      0.230   -1.15e-07    4.78e-07
VOL_LAG11   7.338e-09    1.4e-07      0.052      0.958   -2.67e-07    2.82e-07
VOL_LAG110 -4.592e-09    2.6e-07     -0.018      0.986   -5.15e-07    5.06e-07
VOL_LAG111 -1.669e-07   3.35e-07     -0.497      0.619   -8.24e-07    4.91e-07
VOL_LAG112  2.902e-07   1.59e-07      1.822      0.068    -2.2e-08    6.02e-07
VOL_LAG113 -2.931e-07   4.43e-07     -0.661      0.508   -1.16e-06    5.76e-07
VOL_LAG114  2.847e-07    1.5e-07      1.896      0.058    -9.6e-09    5.79e-07
VOL_LAG115  5.897e-08    2.6e-07      0.227      0.820    -4.5e-07    5.68e-07
VOL_LAG116  7.842e-08   4.14e-07      0.189      0.850   -7.33e-07     8.9e-07
VOL_LAG117 -2.966e-06   9.57e-07     -3.099      0.002   -4.84e-06   -1.09e-06
VOL_LAG118 -3.746e-07   5.62e-07     -0.666      0.505   -1.48e-06    7.28e-07
VOL_LAG119   4.21e-08   2.21e-07      0.190      0.849   -3.92e-07    4.76e-07
VOL_LAG12    1.17e-07   1.12e-07      1.046      0.296   -1.02e-07    3.36e-07
VOL_LAG120 -2.506e-07   3.75e-07     -0.669      0.504   -9.85e-07    4.84e-07
VOL_LAG13     2.1e-07   1.06e-07      1.973      0.048    1.41e-09    4.19e-07
VOL_LAG14   7.539e-08   1.38e-07      0.548      0.584   -1.94e-07    3.45e-07
VOL_LAG15   1.057e-07   1.22e-07      0.869      0.385   -1.33e-07    3.44e-07
VOL_LAG16   5.671e-08   1.44e-07      0.394      0.693   -2.25e-07    3.39e-07
VOL_LAG17   4.927e-08   1.49e-07      0.330      0.741   -2.43e-07    3.42e-07
VOL_LAG18   4.831e-08   1.55e-07      0.312      0.755   -2.55e-07    3.51e-07
VOL_LAG19   9.203e-08   1.23e-07      0.750      0.453   -1.48e-07    3.32e-07
VOL_LAG2    2.152e-07   8.69e-08      2.477      0.013    4.49e-08    3.85e-07
VOL_LAG20   1.188e-07   1.34e-07      0.885      0.376   -1.44e-07    3.82e-07
VOL_LAG21   5.091e-08   1.37e-07      0.371      0.710   -2.18e-07    3.19e-07
VOL_LAG22   5.113e-08   1.47e-07      0.347      0.729   -2.38e-07     3.4e-07
VOL_LAG23   1.421e-07   1.27e-07      1.117      0.264   -1.07e-07    3.91e-07
VOL_LAG24   1.231e-07   1.23e-07      1.000      0.317   -1.18e-07    3.65e-07
VOL_LAG25   1.749e-08   1.56e-07      0.112      0.911   -2.88e-07    3.23e-07
VOL_LAG26    2.02e-07   1.18e-07      1.715      0.086   -2.88e-08    4.33e-07
VOL_LAG27   1.032e-07   1.42e-07      0.724      0.469   -1.76e-07    3.82e-07
VOL_LAG28  -1.412e-07    2.4e-07     -0.588      0.557   -6.12e-07     3.3e-07
VOL_LAG29   -7.16e-08   2.07e-07     -0.346      0.729   -4.77e-07    3.33e-07
VOL_LAG3    1.581e-07   9.33e-08      1.696      0.090   -2.46e-08    3.41e-07
VOL_LAG30   1.286e-07   1.34e-07      0.962      0.336   -1.33e-07    3.91e-07
VOL_LAG31   1.514e-08   1.66e-07      0.091      0.928   -3.11e-07    3.41e-07
VOL_LAG32   1.347e-09   1.74e-07      0.008      0.994    -3.4e-07    3.43e-07
VOL_LAG33   6.982e-08   1.61e-07      0.432      0.665   -2.47e-07    3.86e-07
VOL_LAG34  -1.407e-08   1.77e-07     -0.079      0.937   -3.61e-07    3.33e-07
VOL_LAG35   9.006e-08   1.51e-07      0.598      0.550   -2.05e-07    3.85e-07
VOL_LAG36  -1.591e-08   1.85e-07     -0.086      0.931   -3.78e-07    3.46e-07
VOL_LAG37   2.326e-07   1.24e-07      1.869      0.062   -1.13e-08    4.76e-07
VOL_LAG38   -1.67e-07   2.53e-07     -0.660      0.510   -6.63e-07    3.29e-07
VOL_LAG39   1.245e-07   1.38e-07      0.902      0.367   -1.46e-07    3.95e-07
VOL_LAG4    2.688e-07   8.41e-08      3.194      0.001    1.04e-07    4.34e-07
VOL_LAG40   -8.58e-08   2.32e-07     -0.370      0.712   -5.41e-07    3.69e-07
VOL_LAG41   5.952e-08   1.66e-07      0.359      0.719   -2.65e-07    3.84e-07
VOL_LAG42  -2.379e-08   2.18e-07     -0.109      0.913   -4.51e-07    4.03e-07
VOL_LAG43  -6.528e-09   1.92e-07     -0.034      0.973   -3.83e-07     3.7e-07
VOL_LAG44   2.924e-08    1.8e-07      0.163      0.871   -3.23e-07    3.82e-07
VOL_LAG45   1.006e-07   1.62e-07      0.620      0.535   -2.18e-07    4.19e-07
VOL_LAG46   2.682e-08   1.71e-07      0.157      0.875   -3.08e-07    3.61e-07
VOL_LAG47   5.076e-08   1.87e-07      0.271      0.786   -3.16e-07    4.17e-07
VOL_LAG48  -3.749e-08   2.07e-07     -0.181      0.856   -4.42e-07    3.67e-07
VOL_LAG49   5.502e-08   1.79e-07      0.308      0.758   -2.95e-07    4.05e-07
VOL_LAG5    2.813e-07   8.51e-08      3.306      0.001    1.15e-07    4.48e-07
VOL_LAG50  -7.932e-08   2.34e-07     -0.339      0.735   -5.38e-07    3.79e-07
VOL_LAG51   9.237e-08   1.62e-07      0.571      0.568   -2.25e-07    4.09e-07
VOL_LAG52  -8.628e-08   2.38e-07     -0.362      0.717   -5.53e-07    3.81e-07
VOL_LAG53   7.931e-08   1.81e-07      0.438      0.661   -2.75e-07    4.34e-07
VOL_LAG54  -2.402e-08    2.1e-07     -0.115      0.909   -4.35e-07    3.87e-07
VOL_LAG55   5.064e-09   1.85e-07      0.027      0.978   -3.58e-07    3.68e-07
VOL_LAG56   1.297e-07   1.53e-07      0.848      0.397    -1.7e-07     4.3e-07
VOL_LAG57  -2.137e-08   2.14e-07     -0.100      0.920    -4.4e-07    3.97e-07
VOL_LAG58   1.063e-07   1.66e-07      0.639      0.523    -2.2e-07    4.32e-07
VOL_LAG59  -1.434e-08      2e-07     -0.072      0.943   -4.06e-07    3.77e-07
VOL_LAG6    2.085e-07   9.32e-08      2.238      0.025    2.59e-08    3.91e-07
VOL_LAG60   2.121e-07   1.22e-07      1.744      0.081   -2.62e-08     4.5e-07
VOL_LAG61   2.517e-07   1.42e-07      1.772      0.076   -2.67e-08     5.3e-07
VOL_LAG62  -3.336e-07   3.66e-07     -0.912      0.362   -1.05e-06    3.84e-07
VOL_LAG63  -1.154e-07   2.61e-07     -0.443      0.658   -6.26e-07    3.96e-07
VOL_LAG64   1.192e-07    1.9e-07      0.627      0.530   -2.53e-07    4.91e-07
VOL_LAG65  -1.391e-07   2.72e-07     -0.512      0.608   -6.71e-07    3.93e-07
VOL_LAG66   5.714e-08   1.86e-07      0.308      0.758   -3.06e-07    4.21e-07
VOL_LAG67   7.359e-08   1.95e-07      0.377      0.706   -3.09e-07    4.56e-07
VOL_LAG68   1.519e-07    1.8e-07      0.842      0.400   -2.02e-07    5.05e-07
VOL_LAG69  -1.858e-07   3.17e-07     -0.587      0.557   -8.07e-07    4.35e-07
VOL_LAG7    2.338e-07   9.12e-08      2.563      0.010     5.5e-08    4.13e-07
VOL_LAG70  -5.172e-08   2.81e-07     -0.184      0.854   -6.02e-07    4.98e-07
VOL_LAG71  -4.869e-07   4.49e-07     -1.084      0.278   -1.37e-06    3.94e-07
VOL_LAG72   6.705e-08   2.07e-07      0.323      0.746   -3.39e-07    4.73e-07
VOL_LAG73    1.37e-07    1.8e-07      0.762      0.446   -2.16e-07     4.9e-07
VOL_LAG74   6.792e-08   1.86e-07      0.364      0.715   -2.97e-07    4.33e-07
VOL_LAG75   7.664e-08   1.83e-07      0.418      0.676   -2.83e-07    4.36e-07
VOL_LAG76    1.14e-07   1.64e-07      0.697      0.486   -2.07e-07    4.35e-07
VOL_LAG77   1.978e-07   2.12e-07      0.932      0.351   -2.18e-07    6.14e-07
VOL_LAG78  -6.141e-07   5.42e-07     -1.134      0.257   -1.68e-06    4.48e-07
VOL_LAG79   -2.45e-07   3.65e-07     -0.672      0.502    -9.6e-07     4.7e-07
VOL_LAG8    1.408e-07   1.01e-07      1.394      0.163   -5.72e-08    3.39e-07
VOL_LAG80   1.989e-07   1.67e-07      1.193      0.233   -1.28e-07    5.26e-07
VOL_LAG81  -1.461e-07   3.36e-07     -0.436      0.663   -8.04e-07    5.11e-07
VOL_LAG82   -4.06e-07   4.15e-07     -0.978      0.328   -1.22e-06    4.08e-07
VOL_LAG83   1.181e-07   1.62e-07      0.728      0.466      -2e-07    4.36e-07
VOL_LAG84   3.303e-07   1.21e-07      2.727      0.006    9.29e-08    5.68e-07
VOL_LAG85  -1.827e-07   3.22e-07     -0.567      0.571   -8.14e-07    4.48e-07
VOL_LAG86   1.148e-07   1.92e-07      0.598      0.550   -2.61e-07    4.91e-07
VOL_LAG87  -1.441e-07   3.37e-07     -0.427      0.669   -8.05e-07    5.17e-07
VOL_LAG88  -2.447e-07   3.79e-07     -0.645      0.519   -9.88e-07    4.99e-07
VOL_LAG89   2.343e-07   1.65e-07      1.417      0.157   -8.98e-08    5.58e-07
VOL_LAG9    2.105e-07   9.58e-08      2.197      0.028    2.27e-08    3.98e-07
VOL_LAG90  -4.196e-08   2.76e-07     -0.152      0.879   -5.84e-07       5e-07
VOL_LAG91  -2.009e-07   3.86e-07     -0.521      0.603   -9.57e-07    5.55e-07
VOL_LAG92  -4.584e-07   4.77e-07     -0.961      0.337   -1.39e-06    4.76e-07
VOL_LAG93  -9.036e-08   3.07e-07     -0.294      0.769   -6.92e-07    5.11e-07
VOL_LAG94  -2.531e-08   2.56e-07     -0.099      0.921   -5.27e-07    4.77e-07
VOL_LAG95     4.1e-08   1.93e-07      0.213      0.831   -3.36e-07    4.18e-07
VOL_LAG96   5.941e-08   2.05e-07      0.290      0.772   -3.42e-07    4.61e-07
VOL_LAG97   1.951e-07   1.72e-07      1.131      0.258   -1.43e-07    5.33e-07
VOL_LAG98   3.337e-08   2.49e-07      0.134      0.893   -4.54e-07    5.21e-07
VOL_LAG99  -4.766e-07   5.24e-07     -0.909      0.363    -1.5e-06    5.51e-07
==============================================================================