                 Generalized Linear Model Regression Results                  
==============================================================================
Dep. Variable:                      Y   No. Observations:                15508
Model:                            GLM   Df Residuals:                    15417
Model Family:                Binomial   Df Model:                           90
Link Function:                  Logit   Scale:                          1.0000
Method:                          IRLS   Log-Likelihood:                -2858.3
Date:                Sun, 24 Mar 2024   Deviance:                       5716.7
Time:                        21:08:24   Pearson chi2:                 1.46e+04
No. Iterations:                     7   Pseudo R-squ. (CS):            0.04771
Covariance Type:            nonrobust                                         
==============================================================================
                 coef    std err          z      P>|z|      [0.025      0.975]
------------------------------------------------------------------------------
Intercept     -3.7187      0.060    -62.303      0.000      -3.836      -3.602
RET_LAG1     109.6096     34.786      3.151      0.002      41.430     177.789
RET_LAG10     37.6916     34.808      1.083      0.279     -30.531     105.914
RET_LAG11     -5.4642     35.841     -0.152      0.879     -75.711      64.782
RET_LAG12      8.2680     36.047      0.229      0.819     -62.383      78.919
RET_LAG13     59.4961     35.266      1.687      0.092      -9.624     128.616
RET_LAG14     37.9373     35.848      1.058      0.290     -32.324     108.199
RET_LAG15     43.4520     35.874      1.211      0.226     -26.860     113.764
RET_LAG16     80.8751     35.467      2.280      0.023      11.360     150.390
RET_LAG17     67.9939     35.862      1.896      0.058      -2.295     138.283
RET_LAG18     49.8877     34.709      1.437      0.151     -18.141     117.917
RET_LAG19     21.8488     35.677      0.612      0.540     -48.078      91.775
RET_LAG2      43.1141     36.778      1.172      0.241     -28.970     115.198
RET_LAG20     63.3214     34.548      1.833      0.067      -4.392     131.035
RET_LAG21     20.0368     35.599      0.563      0.574     -49.737      89.810
RET_LAG22      5.0525     35.846      0.141      0.888     -65.204      75.309
RET_LAG23    111.6295     34.232      3.261      0.001      44.537     178.722
RET_LAG24     11.6955     35.377      0.331      0.741     -57.643      81.034
RET_LAG25     22.5965     34.918      0.647      0.518     -45.842      91.035
RET_LAG26    -19.8098     36.164     -0.548      0.584     -90.690      51.070
RET_LAG27     75.3225     35.753      2.107      0.035       5.249     145.396
RET_LAG28     35.8207     36.691      0.976      0.329     -36.093     107.734
RET_LAG29     68.3550     36.176      1.890      0.059      -2.548     139.258
RET_LAG3      53.5516     35.766      1.497      0.134     -16.548     123.651
RET_LAG30     61.2173     34.850      1.757      0.079      -7.087     129.522
RET_LAG4      86.2016     34.556      2.495      0.013      18.474     153.929
RET_LAG5      78.3065     34.561      2.266      0.023      10.568     146.045
RET_LAG6      23.1258     35.541      0.651      0.515     -46.533      92.785
RET_LAG7      23.0129     35.722      0.644      0.519     -47.001      93.027
RET_LAG8     125.1480     33.906      3.691      0.000      58.693     191.603
RET_LAG9      48.8203     33.845      1.442      0.149     -17.515     115.156
VIOL_LAG1      0.9042      0.146      6.183      0.000       0.618       1.191
VIOL_LAG10     0.2848      0.160      1.777      0.076      -0.029       0.599
VIOL_LAG11    -0.1221      0.170     -0.718      0.473      -0.455       0.211
VIOL_LAG12     0.1828      0.164      1.118      0.264      -0.138       0.503
VIOL_LAG13     0.3126      0.163      1.918      0.055      -0.007       0.632
VIOL_LAG14     0.3028      0.163      1.856      0.063      -0.017       0.623
VIOL_LAG15     0.2840      0.163      1.738      0.082      -0.036       0.604
VIOL_LAG16     0.3684      0.163      2.254      0.024       0.048       0.689
VIOL_LAG17     0.5549      0.160      3.476      0.001       0.242       0.868
VIOL_LAG18     0.5231      0.158      3.318      0.001       0.214       0.832
VIOL_LAG19     0.2320      0.163      1.419      0.156      -0.088       0.552
VIOL_LAG2      0.5132      0.154      3.322      0.001       0.210       0.816
VIOL_LAG20     0.4925      0.158      3.109      0.002       0.182       0.803
VIOL_LAG21     0.1521      0.167      0.913      0.361      -0.174       0.478
VIOL_LAG22    -0.0104      0.170     -0.061      0.951      -0.344       0.323
VIOL_LAG23     0.2364      0.169      1.400      0.161      -0.094       0.567
VIOL_LAG24    -0.0096      0.172     -0.056      0.956      -0.346       0.327
VIOL_LAG25     0.0128      0.172      0.074      0.941      -0.324       0.349
VIOL_LAG26    -0.0100      0.171     -0.058      0.954      -0.346       0.326
VIOL_LAG27     0.1970      0.173      1.139      0.255      -0.142       0.536
VIOL_LAG28     0.2392      0.172      1.391      0.164      -0.098       0.576
VIOL_LAG29     0.5358      0.164      3.266      0.001       0.214       0.857
VIOL_LAG3      0.7112      0.149      4.760      0.000       0.418       1.004
VIOL_LAG30     0.2507      0.168      1.496      0.135      -0.078       0.579
VIOL_LAG4      0.5321      0.153      3.469      0.001       0.231       0.833
VIOL_LAG5      0.5237      0.153      3.414      0.001       0.223       0.824
VIOL_LAG6      0.3547      0.157      2.264      0.024       0.048       0.662
VIOL_LAG7      0.3880      0.156      2.480      0.013       0.081       0.695
VIOL_LAG8      0.3809      0.160      2.377      0.017       0.067       0.695
VIOL_LAG9      0.3931      0.155      2.533      0.011       0.089       0.697
VOL_LAG1    4.285e-07    8.4e-08      5.100      0.000    2.64e-07    5.93e-07
VOL_LAG10    2.44e-07   1.19e-07      2.051      0.040    1.09e-08    4.77e-07
VOL_LAG11  -3.279e-07   2.74e-07     -1.195      0.232   -8.66e-07     2.1e-07
VOL_LAG12   5.331e-08   1.71e-07      0.312      0.755   -2.82e-07    3.88e-07
VOL_LAG13   1.449e-07   1.59e-07      0.910      0.363   -1.67e-07    4.57e-07
VOL_LAG14  -2.566e-07   2.69e-07     -0.953      0.341   -7.84e-07    2.71e-07
VOL_LAG15   5.507e-08   1.88e-07      0.293      0.770   -3.14e-07    4.24e-07
VOL_LAG16  -2.165e-07   2.64e-07     -0.820      0.412   -7.34e-07    3.01e-07
VOL_LAG17  -2.072e-07   2.71e-07     -0.765      0.444   -7.38e-07    3.24e-07
VOL_LAG18  -2.861e-07   2.89e-07     -0.988      0.323   -8.53e-07    2.81e-07
VOL_LAG19    6.28e-08   1.62e-07      0.387      0.699   -2.55e-07    3.81e-07
VOL_LAG2    1.159e-07   1.16e-07      1.003      0.316   -1.11e-07    3.42e-07
VOL_LAG20  -7.743e-08   2.28e-07     -0.340      0.734   -5.24e-07    3.69e-07
VOL_LAG21  -7.519e-08   2.15e-07     -0.350      0.726   -4.96e-07    3.46e-07
VOL_LAG22   -1.27e-07   2.32e-07     -0.548      0.584   -5.81e-07    3.27e-07
VOL_LAG23   5.179e-08   1.76e-07      0.295      0.768   -2.93e-07    3.96e-07
VOL_LAG24   7.185e-08   1.67e-07      0.429      0.668   -2.56e-07       4e-07
VOL_LAG25    -1.7e-07   2.41e-07     -0.707      0.480   -6.42e-07    3.02e-07
VOL_LAG26   1.811e-07   1.49e-07      1.215      0.225   -1.11e-07    4.73e-07
VOL_LAG27   3.001e-08   2.14e-07      0.140      0.888    -3.9e-07     4.5e-07
VOL_LAG28  -4.723e-07   3.49e-07     -1.352      0.176   -1.16e-06    2.12e-07
VOL_LAG29  -3.738e-07   3.28e-07     -1.138      0.255   -1.02e-06     2.7e-07
VOL_LAG3    1.589e-08   1.45e-07      0.109      0.913   -2.69e-07    3.01e-07
VOL_LAG30   1.102e-07   1.56e-07      0.709      0.479   -1.95e-07    4.15e-07
VOL_LAG4    2.146e-07   1.01e-07      2.124      0.034    1.66e-08    4.13e-07
VOL_LAG5    2.149e-07   1.03e-07      2.077      0.038    1.21e-08    4.18e-07
VOL_LAG6    1.074e-07   1.33e-07      0.810      0.418   -1.53e-07    3.67e-07
VOL_LAG7    1.697e-07   1.21e-07      1.400      0.161   -6.78e-08    4.07e-07
VOL_LAG8    4.396e-08   1.52e-07      0.290      0.772   -2.53e-07    3.41e-07
VOL_LAG9    1.072e-07   1.34e-07      0.801      0.423   -1.55e-07    3.69e-07
==============================================================================