                 Generalized Linear Model Regression Results                  
==============================================================================
Dep. Variable:                      Y   No. Observations:                15508
Model:                            GLM   Df Residuals:                    15387
Model Family:                Binomial   Df Model:                          120
Link Function:                  Logit   Scale:                          1.0000
Method:                          IRLS   Log-Likelihood:                -2950.0
Date:                Sun, 17 Mar 2024   Deviance:                       5900.0
Time:                        18:48:06   Pearson chi2:                 1.42e+04
No. Iterations:                     6   Pseudo R-squ. (CS):            0.03638
Covariance Type:            nonrobust                                         
================================================================================
                   coef    std err          z      P>|z|      [0.025      0.975]
--------------------------------------------------------------------------------
Intercept       -3.3757      0.047    -71.377      0.000      -3.468      -3.283
RET_LAG1       -43.3051     30.427     -1.423      0.155    -102.942      16.332
RET_LAG10       19.1916     29.756      0.645      0.519     -39.129      77.512
RET_LAG11       17.6875     29.657      0.596      0.551     -40.440      75.815
RET_LAG12       -5.8595     30.580     -0.192      0.848     -65.796      54.077
RET_LAG13       28.6710     29.850      0.960      0.337     -29.834      87.176
RET_LAG14        0.0457     30.022      0.002      0.999     -58.795      58.887
RET_LAG15       17.6820     30.013      0.589      0.556     -41.142      76.506
RET_LAG16       38.2100     29.407      1.299      0.194     -19.427      95.847
RET_LAG17      -10.0802     29.768     -0.339      0.735     -68.424      48.264
RET_LAG18      -23.5936     30.067     -0.785      0.433     -82.524      35.336
RET_LAG19      -18.8471     30.046     -0.627      0.530     -77.736      40.042
RET_LAG2       -46.5712     29.839     -1.561      0.119    -105.055      11.913
RET_LAG20      -13.2586     29.786     -0.445      0.656     -71.638      45.121
RET_LAG21      -18.9134     30.058     -0.629      0.529     -77.825      39.998
RET_LAG22        5.6179     29.986      0.187      0.851     -53.153      64.389
RET_LAG23       86.4770     30.262      2.858      0.004      27.165     145.789
RET_LAG24       16.4782     30.532      0.540      0.589     -43.363      76.320
RET_LAG25       27.8310     32.337      0.861      0.389     -35.548      91.210
RET_LAG26      -22.8453     30.113     -0.759      0.448     -81.865      36.175
RET_LAG27       75.4051     30.610      2.463      0.014      15.410     135.400
RET_LAG28        9.0372     32.465      0.278      0.781     -54.593      72.667
RET_LAG29        5.0046     31.267      0.160      0.873     -56.278      66.287
RET_LAG3       -69.2851     29.754     -2.329      0.020    -127.601     -10.969
RET_LAG30       49.5239     30.876      1.604      0.109     -10.992     110.040
RET_LAG31       26.4812     30.992      0.854      0.393     -34.262      87.224
RET_LAG32      -16.7804     30.932     -0.542      0.587     -77.407      43.846
RET_LAG33       48.8344     31.202      1.565      0.118     -12.321     109.989
RET_LAG34      -43.8443     32.116     -1.365      0.172    -106.790      19.101
RET_LAG35       20.9366     30.086      0.696      0.486     -38.031      79.904
RET_LAG36       25.6784     29.903      0.859      0.390     -32.931      84.288
RET_LAG37      -16.5011     30.016     -0.550      0.583     -75.332      42.330
RET_LAG38       43.5547     30.105      1.447      0.148     -15.451     102.560
RET_LAG39       32.5487     31.394      1.037      0.300     -28.983      94.080
RET_LAG4        -8.0442     29.600     -0.272      0.786     -66.059      49.971
RET_LAG40       42.8802     30.710      1.396      0.163     -17.310     103.070
RET_LAG41      -36.6567     32.498     -1.128      0.259    -100.351      27.038
RET_LAG42      -15.6515     30.874     -0.507      0.612     -76.163      44.860
RET_LAG43       50.8723     31.363      1.622      0.105     -10.598     112.343
RET_LAG44      -35.6350     31.072     -1.147      0.251     -96.536      25.266
RET_LAG45      -23.5197     30.676     -0.767      0.443     -83.643      36.604
RET_LAG46      -14.8678     32.216     -0.461      0.644     -78.011      48.275
RET_LAG47       -9.0936     30.623     -0.297      0.767     -69.113      50.926
RET_LAG48       -0.1234     32.427     -0.004      0.997     -63.680      63.433
RET_LAG49       49.4337     32.739      1.510      0.131     -14.734     113.601
RET_LAG5         6.0171     29.601      0.203      0.839     -52.000      64.034
RET_LAG50      -70.5516     32.380     -2.179      0.029    -134.016      -7.088
RET_LAG51        6.1152     30.407      0.201      0.841     -53.482      65.713
RET_LAG52      -14.4348     34.562     -0.418      0.676     -82.174      53.305
RET_LAG53      -39.3338     32.982     -1.193      0.233    -103.977      25.309
RET_LAG54       26.5070     31.188      0.850      0.395     -34.621      87.635
RET_LAG55        1.8642     31.213      0.060      0.952     -59.312      63.040
RET_LAG56      -14.8115     31.318     -0.473      0.636     -76.193      46.570
RET_LAG57        3.8808     30.602      0.127      0.899     -56.099      63.861
RET_LAG58       14.5273     30.640      0.474      0.635     -45.527      74.581
RET_LAG59      -42.8824     31.619     -1.356      0.175    -104.855      19.090
RET_LAG6       -35.8284     29.834     -1.201      0.230     -94.302      22.645
RET_LAG60      103.4466     32.126      3.220      0.001      40.480     166.413
RET_LAG7       -37.8733     30.158     -1.256      0.209     -96.983      21.236
RET_LAG8        77.0861     29.576      2.606      0.009      19.118     135.054
RET_LAG9        -6.7360     30.621     -0.220      0.826     -66.753      53.281
SQ_RET_LAG1   1.565e+04   5010.522      3.123      0.002    5825.748    2.55e+04
SQ_RET_LAG10  7227.6385   3784.487      1.910      0.056    -189.819    1.46e+04
SQ_RET_LAG11  4090.9699   3633.230      1.126      0.260   -3030.029    1.12e+04
SQ_RET_LAG12  3641.6871   4162.399      0.875      0.382   -4516.465    1.18e+04
SQ_RET_LAG13  8385.4322   4007.830      2.092      0.036     530.230    1.62e+04
SQ_RET_LAG14  7862.4222   3849.568      2.042      0.041     317.408    1.54e+04
SQ_RET_LAG15  2241.3877   3865.489      0.580      0.562   -5334.832    9817.608
SQ_RET_LAG16  6560.1840   3544.116      1.851      0.064    -386.155    1.35e+04
SQ_RET_LAG17  5715.8240   3835.607      1.490      0.136   -1801.828    1.32e+04
SQ_RET_LAG18   1.01e+04   4121.183      2.450      0.014    2019.638    1.82e+04
SQ_RET_LAG19  4999.9471   3918.162      1.276      0.202   -2679.509    1.27e+04
SQ_RET_LAG2   8257.3570   3848.880      2.145      0.032     713.690    1.58e+04
SQ_RET_LAG20  5572.9517   3743.583      1.489      0.137   -1764.336    1.29e+04
SQ_RET_LAG21  1.124e+04   4193.698      2.681      0.007    3023.136    1.95e+04
SQ_RET_LAG22  5597.2508   3628.681      1.543      0.123   -1514.834    1.27e+04
SQ_RET_LAG23  8138.1964   4322.370      1.883      0.060    -333.494    1.66e+04
SQ_RET_LAG24  2648.4483   3830.813      0.691      0.489   -4859.808    1.02e+04
SQ_RET_LAG25 -1016.1868   4620.394     -0.220      0.826   -1.01e+04    8039.618
SQ_RET_LAG26  9265.4155   4019.922      2.305      0.021    1386.513    1.71e+04
SQ_RET_LAG27  2971.4955   3598.518      0.826      0.409   -4081.471       1e+04
SQ_RET_LAG28 -2820.1489   5463.778     -0.516      0.606   -1.35e+04    7888.660
SQ_RET_LAG29  2391.0928   4255.850      0.562      0.574   -5950.221    1.07e+04
SQ_RET_LAG3   1.016e+04   3751.128      2.710      0.007    2812.553    1.75e+04
SQ_RET_LAG30  3256.6103   3774.028      0.863      0.388   -4140.349    1.07e+04
SQ_RET_LAG31  3684.6241   3782.436      0.974      0.330   -3728.814    1.11e+04
SQ_RET_LAG32  3651.8039   4145.045      0.881      0.378   -4472.335    1.18e+04
SQ_RET_LAG33  4149.3271   3863.967      1.074      0.283   -3423.909    1.17e+04
SQ_RET_LAG34  3093.7427   4779.437      0.647      0.517   -6273.781    1.25e+04
SQ_RET_LAG35  8263.6251   3647.187      2.266      0.023    1115.270    1.54e+04
SQ_RET_LAG36  1.017e+04   3940.913      2.580      0.010    2445.182    1.79e+04
SQ_RET_LAG37  7136.8990   3537.756      2.017      0.044     203.025    1.41e+04
SQ_RET_LAG38  6581.8300   3703.382      1.777      0.076    -676.665    1.38e+04
SQ_RET_LAG39  2035.8241   4165.201      0.489      0.625   -6127.819    1.02e+04
SQ_RET_LAG4   1.441e+04   4253.173      3.388      0.001    6071.977    2.27e+04
SQ_RET_LAG40  3998.3592   3651.280      1.095      0.273   -3158.018    1.12e+04
SQ_RET_LAG41  1260.0980   4911.648      0.257      0.798   -8366.555    1.09e+04
SQ_RET_LAG42  4162.9102   3848.973      1.082      0.279   -3380.938    1.17e+04
SQ_RET_LAG43  3155.8783   3825.984      0.825      0.409   -4342.912    1.07e+04
SQ_RET_LAG44  5636.5377   3903.742      1.444      0.149   -2014.656    1.33e+04
SQ_RET_LAG45  7284.2596   3708.121      1.964      0.049      16.477    1.46e+04
SQ_RET_LAG46  2577.0898   4546.121      0.567      0.571   -6333.145    1.15e+04
SQ_RET_LAG47  6812.8917   3670.644      1.856      0.063    -381.438     1.4e+04
SQ_RET_LAG48  1380.9393   4810.102      0.287      0.774   -8046.687    1.08e+04
SQ_RET_LAG49  2829.7435   4325.394      0.654      0.513   -5647.873    1.13e+04
SQ_RET_LAG5   7503.6370   3516.229      2.134      0.033     611.955    1.44e+04
SQ_RET_LAG50  4521.3130   4908.785      0.921      0.357   -5099.730    1.41e+04
SQ_RET_LAG51  8484.3030   3634.017      2.335      0.020    1361.761    1.56e+04
SQ_RET_LAG52 -5235.4206   7666.086     -0.683      0.495   -2.03e+04    9789.832
SQ_RET_LAG53  1307.4329   4870.048      0.268      0.788   -8237.687    1.09e+04
SQ_RET_LAG54  4664.2881   3774.094      1.236      0.217   -2732.800    1.21e+04
SQ_RET_LAG55  3218.1518   3880.334      0.829      0.407   -4387.163    1.08e+04
SQ_RET_LAG56  4952.6599   3917.774      1.264      0.206   -2726.036    1.26e+04
SQ_RET_LAG57  6921.4909   3549.940      1.950      0.051     -36.263    1.39e+04
SQ_RET_LAG58  4837.1981   3646.704      1.326      0.185   -2310.211     1.2e+04
SQ_RET_LAG59  9588.3690   3915.261      2.449      0.014    1914.599    1.73e+04
SQ_RET_LAG6   1.276e+04   4227.761      3.018      0.003    4473.113     2.1e+04
SQ_RET_LAG60  7626.4454   4609.367      1.655      0.098   -1407.748    1.67e+04
SQ_RET_LAG7   2.014e+04   6045.858      3.331      0.001    8288.008     3.2e+04
SQ_RET_LAG8   9496.9753   4043.467      2.349      0.019    1571.927    1.74e+04
SQ_RET_LAG9    1.48e+04   5608.609      2.638      0.008    3804.347    2.58e+04
================================================================================