                 Generalized Linear Model Regression Results                  
==============================================================================
Dep. Variable:                      Y   No. Observations:                15508
Model:                            GLM   Df Residuals:                    15387
Model Family:                Binomial   Df Model:                          120
Link Function:                  Logit   Scale:                          1.0000
Method:                          IRLS   Log-Likelihood:                -2865.7
Date:                Sun, 24 Mar 2024   Deviance:                       5731.3
Time:                        21:06:09   Pearson chi2:                 1.45e+04
No. Iterations:                     7   Pseudo R-squ. (CS):            0.04680
Covariance Type:            nonrobust                                         
==============================================================================
                 coef    std err          z      P>|z|      [0.025      0.975]
------------------------------------------------------------------------------
Intercept     -3.6679      0.061    -59.645      0.000      -3.788      -3.547
VIOL_LAG1      0.6772      0.115      5.905      0.000       0.452       0.902
VIOL_LAG10     0.2084      0.128      1.634      0.102      -0.042       0.458
VIOL_LAG11    -0.0534      0.136     -0.394      0.694      -0.319       0.212
VIOL_LAG12     0.1812      0.129      1.409      0.159      -0.071       0.433
VIOL_LAG13     0.1226      0.130      0.942      0.346      -0.132       0.378
VIOL_LAG14     0.2118      0.129      1.642      0.101      -0.041       0.464
VIOL_LAG15     0.1725      0.130      1.330      0.184      -0.082       0.427
VIOL_LAG16     0.1399      0.132      1.060      0.289      -0.119       0.399
VIOL_LAG17     0.3613      0.126      2.877      0.004       0.115       0.607
VIOL_LAG18     0.3654      0.126      2.911      0.004       0.119       0.611
VIOL_LAG19     0.1655      0.131      1.267      0.205      -0.090       0.421
VIOL_LAG2      0.4295      0.120      3.570      0.000       0.194       0.665
VIOL_LAG20     0.3011      0.128      2.357      0.018       0.051       0.551
VIOL_LAG21     0.0684      0.133      0.512      0.608      -0.193       0.330
VIOL_LAG22    -0.0407      0.138     -0.295      0.768      -0.312       0.230
VIOL_LAG23    -0.1056      0.141     -0.752      0.452      -0.381       0.170
VIOL_LAG24    -0.0490      0.139     -0.351      0.725      -0.322       0.224
VIOL_LAG25    -0.0705      0.141     -0.499      0.618      -0.348       0.207
VIOL_LAG26     0.0498      0.138      0.361      0.718      -0.220       0.320
VIOL_LAG27    -0.0435      0.141     -0.308      0.758      -0.320       0.233
VIOL_LAG28     0.1134      0.139      0.814      0.416      -0.160       0.386
VIOL_LAG29     0.3234      0.131      2.462      0.014       0.066       0.581
VIOL_LAG3      0.6007      0.116      5.172      0.000       0.373       0.828
VIOL_LAG30     0.0153      0.140      0.110      0.913      -0.259       0.289
VIOL_LAG31     0.3062      0.133      2.311      0.021       0.046       0.566
VIOL_LAG32     0.2656      0.132      2.016      0.044       0.007       0.524
VIOL_LAG33     0.1208      0.137      0.883      0.377      -0.147       0.389
VIOL_LAG34    -0.0819      0.144     -0.570      0.569      -0.364       0.200
VIOL_LAG35    -0.0127      0.140     -0.091      0.928      -0.287       0.262
VIOL_LAG36     0.2188      0.135      1.626      0.104      -0.045       0.483
VIOL_LAG37     0.1995      0.135      1.476      0.140      -0.065       0.464
VIOL_LAG38     0.3059      0.132      2.319      0.020       0.047       0.564
VIOL_LAG39     0.1127      0.138      0.820      0.412      -0.157       0.382
VIOL_LAG4      0.3415      0.122      2.797      0.005       0.102       0.581
VIOL_LAG40    -0.3253      0.154     -2.106      0.035      -0.628      -0.023
VIOL_LAG41     0.4737      0.128      3.698      0.000       0.223       0.725
VIOL_LAG42     0.1390      0.139      1.000      0.317      -0.133       0.411
VIOL_LAG43    -0.2122      0.151     -1.402      0.161      -0.509       0.084
VIOL_LAG44     0.2654      0.135      1.971      0.049       0.002       0.529
VIOL_LAG45     0.1237      0.139      0.891      0.373      -0.149       0.396
VIOL_LAG46     0.1260      0.140      0.903      0.366      -0.147       0.400
VIOL_LAG47    -0.0052      0.143     -0.036      0.971      -0.286       0.276
VIOL_LAG48     0.0494      0.142      0.348      0.728      -0.229       0.328
VIOL_LAG49    -0.0595      0.145     -0.409      0.683      -0.345       0.226
VIOL_LAG5      0.3513      0.122      2.871      0.004       0.112       0.591
VIOL_LAG50     0.2911      0.134      2.165      0.030       0.028       0.555
VIOL_LAG51     0.1974      0.138      1.436      0.151      -0.072       0.467
VIOL_LAG52     0.2112      0.139      1.520      0.129      -0.061       0.484
VIOL_LAG53     0.0999      0.141      0.708      0.479      -0.177       0.377
VIOL_LAG54     0.0235      0.144      0.163      0.871      -0.260       0.307
VIOL_LAG55     0.0511      0.143      0.357      0.721      -0.230       0.332
VIOL_LAG56     0.0937      0.141      0.663      0.507      -0.183       0.371
VIOL_LAG57     0.1104      0.143      0.771      0.441      -0.170       0.391
VIOL_LAG58     0.0227      0.146      0.155      0.877      -0.263       0.308
VIOL_LAG59     0.3249      0.135      2.402      0.016       0.060       0.590
VIOL_LAG6      0.3202      0.123      2.597      0.009       0.079       0.562
VIOL_LAG60    -0.0731      0.149     -0.491      0.623      -0.365       0.219
VIOL_LAG7      0.3751      0.122      3.063      0.002       0.135       0.615
VIOL_LAG8      0.0593      0.131      0.453      0.650      -0.197       0.316
VIOL_LAG9      0.2827      0.124      2.275      0.023       0.039       0.526
VOL_LAG1     4.19e-07   8.44e-08      4.967      0.000    2.54e-07    5.84e-07
VOL_LAG10   2.617e-07    1.1e-07      2.370      0.018    4.53e-08    4.78e-07
VOL_LAG11  -2.336e-07   2.49e-07     -0.939      0.348   -7.21e-07    2.54e-07
VOL_LAG12   6.858e-08   1.56e-07      0.440      0.660   -2.37e-07    3.74e-07
VOL_LAG13     1.5e-07   1.44e-07      1.045      0.296   -1.31e-07    4.31e-07
VOL_LAG14  -1.109e-07   2.27e-07     -0.488      0.626   -5.57e-07    3.35e-07
VOL_LAG15   8.396e-08   1.72e-07      0.487      0.626   -2.54e-07    4.22e-07
VOL_LAG16  -1.412e-07   2.45e-07     -0.576      0.564   -6.21e-07    3.39e-07
VOL_LAG17  -1.035e-07   2.48e-07     -0.418      0.676   -5.89e-07    3.82e-07
VOL_LAG18  -1.932e-07   2.68e-07     -0.721      0.471   -7.19e-07    3.32e-07
VOL_LAG19   4.047e-08   1.54e-07      0.263      0.793   -2.61e-07    3.42e-07
VOL_LAG2    1.374e-07   1.08e-07      1.275      0.202   -7.39e-08    3.49e-07
VOL_LAG20       6e-09   1.99e-07      0.030      0.976   -3.84e-07    3.96e-07
VOL_LAG21  -5.863e-09   1.92e-07     -0.031      0.976   -3.82e-07     3.7e-07
VOL_LAG22  -6.304e-08   2.01e-07     -0.314      0.753   -4.56e-07     3.3e-07
VOL_LAG23   1.224e-07    1.5e-07      0.816      0.414   -1.72e-07    4.16e-07
VOL_LAG24   1.559e-07   1.48e-07      1.054      0.292   -1.34e-07    4.46e-07
VOL_LAG25  -1.113e-07   2.28e-07     -0.489      0.625   -5.58e-07    3.35e-07
VOL_LAG26   2.082e-07   1.35e-07      1.539      0.124   -5.69e-08    4.73e-07
VOL_LAG27   1.012e-07   1.82e-07      0.555      0.579   -2.56e-07    4.58e-07
VOL_LAG28   -4.79e-07   3.61e-07     -1.327      0.185   -1.19e-06    2.29e-07
VOL_LAG29  -2.073e-07   2.89e-07     -0.718      0.473   -7.74e-07    3.59e-07
VOL_LAG3    7.034e-08    1.3e-07      0.539      0.590   -1.85e-07    3.26e-07
VOL_LAG30    1.77e-07   1.51e-07      1.169      0.242    -1.2e-07    4.74e-07
VOL_LAG31  -4.073e-08    2.3e-07     -0.177      0.859   -4.91e-07    4.09e-07
VOL_LAG32  -8.785e-08   2.46e-07     -0.357      0.721    -5.7e-07    3.95e-07
VOL_LAG33  -9.526e-10   2.15e-07     -0.004      0.996   -4.23e-07    4.21e-07
VOL_LAG34  -1.146e-07   2.52e-07     -0.455      0.649   -6.08e-07    3.79e-07
VOL_LAG35   1.113e-07   1.88e-07      0.591      0.554   -2.58e-07     4.8e-07
VOL_LAG36  -1.296e-07   2.56e-07     -0.506      0.613   -6.32e-07    3.72e-07
VOL_LAG37   2.481e-07   1.45e-07      1.713      0.087   -3.58e-08    5.32e-07
VOL_LAG38  -5.259e-07   3.77e-07     -1.394      0.163   -1.27e-06    2.13e-07
VOL_LAG39   1.262e-07   1.66e-07      0.761      0.447   -1.99e-07    4.51e-07
VOL_LAG4    2.344e-07   9.67e-08      2.424      0.015    4.49e-08    4.24e-07
VOL_LAG40  -2.219e-07   3.07e-07     -0.723      0.470   -8.23e-07     3.8e-07
VOL_LAG41   3.002e-08    2.1e-07      0.143      0.886   -3.82e-07    4.42e-07
VOL_LAG42  -3.044e-07   3.25e-07     -0.936      0.349   -9.42e-07    3.33e-07
VOL_LAG43  -4.732e-08   2.32e-07     -0.204      0.838   -5.02e-07    4.07e-07
VOL_LAG44   9.729e-09   2.11e-07      0.046      0.963   -4.03e-07    4.23e-07
VOL_LAG45   1.625e-08   1.88e-07      0.086      0.931   -3.53e-07    3.85e-07
VOL_LAG46   4.577e-08   1.91e-07      0.239      0.811   -3.29e-07    4.21e-07
VOL_LAG47  -4.449e-09   2.26e-07     -0.020      0.984   -4.47e-07    4.39e-07
VOL_LAG48  -6.515e-08   2.36e-07     -0.276      0.782   -5.27e-07    3.97e-07
VOL_LAG49   8.465e-08   1.96e-07      0.432      0.666   -2.99e-07    4.69e-07
VOL_LAG5    2.333e-07   9.88e-08      2.362      0.018    3.97e-08    4.27e-07
VOL_LAG50   -1.95e-07   3.04e-07     -0.641      0.522   -7.91e-07    4.01e-07
VOL_LAG51   5.895e-08   1.96e-07      0.300      0.764   -3.26e-07    4.44e-07
VOL_LAG52  -2.775e-07   3.41e-07     -0.815      0.415   -9.45e-07     3.9e-07
VOL_LAG53   3.839e-08   2.17e-07      0.177      0.860   -3.88e-07    4.64e-07
VOL_LAG54  -2.055e-07   3.02e-07     -0.680      0.497   -7.98e-07    3.87e-07
VOL_LAG55  -2.199e-08   2.14e-07     -0.103      0.918   -4.42e-07    3.98e-07
VOL_LAG56   1.129e-07   1.85e-07      0.611      0.541    -2.5e-07    4.75e-07
VOL_LAG57  -2.517e-07    3.2e-07     -0.786      0.432   -8.79e-07    3.76e-07
VOL_LAG58   3.356e-08   2.09e-07      0.160      0.873   -3.77e-07    4.44e-07
VOL_LAG59  -1.842e-07   2.82e-07     -0.653      0.514   -7.37e-07    3.69e-07
VOL_LAG6    1.227e-07   1.21e-07      1.015      0.310   -1.14e-07    3.59e-07
VOL_LAG60   2.076e-07   1.27e-07      1.635      0.102   -4.13e-08    4.56e-07
VOL_LAG7    1.923e-07   1.12e-07      1.716      0.086   -2.73e-08    4.12e-07
VOL_LAG8    9.126e-08   1.33e-07      0.685      0.493    -1.7e-07    3.52e-07
VOL_LAG9    1.652e-07   1.19e-07      1.384      0.166   -6.88e-08    3.99e-07
==============================================================================