                 Generalized Linear Model Regression Results                  
==============================================================================
Dep. Variable:                      Y   No. Observations:                15172
Model:                            GLM   Df Residuals:                    15051
Model Family:                Binomial   Df Model:                          120
Link Function:                  Logit   Scale:                          1.0000
Method:                          IRLS   Log-Likelihood:                -3224.7
Date:                Sun, 17 Mar 2024   Deviance:                       6449.5
Time:                        18:46:06   Pearson chi2:                 1.46e+04
No. Iterations:                     6   Pseudo R-squ. (CS):            0.04966
Covariance Type:            nonrobust                                         
==============================================================================
                 coef    std err          z      P>|z|      [0.025      0.975]
------------------------------------------------------------------------------
Intercept     -3.5970      0.058    -62.192      0.000      -3.710      -3.484
RET_LAG1     272.8788     44.388      6.148      0.000     185.879     359.878
RET_LAG10     81.0688     47.007      1.725      0.085     -11.064     173.201
RET_LAG11    114.0521     46.431      2.456      0.014      23.050     205.054
RET_LAG12     31.1031     47.522      0.655      0.513     -62.037     124.244
RET_LAG13    107.9726     46.513      2.321      0.020      16.808     199.137
RET_LAG14     61.6011     47.057      1.309      0.191     -30.630     153.832
RET_LAG15     37.1603     47.578      0.781      0.435     -56.090     130.411
RET_LAG16     30.0969     46.724      0.644      0.519     -61.480     121.674
RET_LAG17    -51.7595     47.202     -1.097      0.273    -144.273      40.754
RET_LAG18     93.0608     46.022      2.022      0.043       2.860     183.262
RET_LAG19     89.4159     46.807      1.910      0.056      -2.325     181.157
RET_LAG2      23.0256     48.117      0.479      0.632     -71.282     117.333
RET_LAG20     -8.1049     48.295     -0.168      0.867    -102.761      86.551
RET_LAG21     40.0271     47.267      0.847      0.397     -52.614     132.668
RET_LAG22    -17.0499     48.125     -0.354      0.723    -111.373      77.273
RET_LAG23     46.4742     47.229      0.984      0.325     -46.093     139.042
RET_LAG24     25.1144     48.335      0.520      0.603     -69.620     119.849
RET_LAG25     26.6086     47.624      0.559      0.576     -66.732     119.950
RET_LAG26     35.0226     48.036      0.729      0.466     -59.126     129.171
RET_LAG27     -1.7883     48.105     -0.037      0.970     -96.073      92.496
RET_LAG28     77.7223     47.159      1.648      0.099     -14.708     170.153
RET_LAG29      6.2112     48.098      0.129      0.897     -88.059     100.481
RET_LAG3     156.8152     45.580      3.440      0.001      67.481     246.150
RET_LAG30     48.1424     47.406      1.016      0.310     -44.772     141.057
RET_LAG31     84.5114     47.264      1.788      0.074      -8.125     177.147
RET_LAG32     -3.7385     48.347     -0.077      0.938     -98.498      91.021
RET_LAG33     -0.2908     48.262     -0.006      0.995     -94.882      94.301
RET_LAG34    -36.0452     49.075     -0.734      0.463    -132.231      60.141
RET_LAG35    -27.2868     49.056     -0.556      0.578    -123.434      68.861
RET_LAG36     43.7442     48.034      0.911      0.362     -50.400     137.888
RET_LAG37    -31.7878     49.243     -0.646      0.519    -128.303      64.727
RET_LAG38    108.8692     47.652      2.285      0.022      15.474     202.265
RET_LAG39    -33.8308     49.516     -0.683      0.494    -130.881      63.219
RET_LAG4     179.5361     46.500      3.861      0.000      88.398     270.674
RET_LAG40     47.5784     47.969      0.992      0.321     -46.440     141.597
RET_LAG41    -59.1460     50.150     -1.179      0.238    -157.438      39.146
RET_LAG42     40.8527     47.839      0.854      0.393     -52.911     134.616
RET_LAG43     38.6837     48.800      0.793      0.428     -56.963     134.331
RET_LAG44    -90.2858     49.733     -1.815      0.069    -187.761       7.190
RET_LAG45      0.5720     48.822      0.012      0.991     -95.117      96.261
RET_LAG46     78.5349     48.179      1.630      0.103     -15.895     172.965
RET_LAG47     94.2562     48.649      1.937      0.053      -1.093     189.606
RET_LAG48     44.1030     47.386      0.931      0.352     -48.772     136.978
RET_LAG49    141.1715     47.778      2.955      0.003      47.528     234.815
RET_LAG5      69.8606     47.805      1.461      0.144     -23.835     163.556
RET_LAG50    -37.2573     49.676     -0.750      0.453    -134.621      60.106
RET_LAG51     99.5781     47.633      2.091      0.037       6.219     192.937
RET_LAG52    -23.3391     50.368     -0.463      0.643    -122.059      75.381
RET_LAG53     32.2903     49.165      0.657      0.511     -64.071     128.652
RET_LAG54     63.9843     49.053      1.304      0.192     -32.157     160.126
RET_LAG55     31.1751     50.160      0.622      0.534     -67.137     129.488
RET_LAG56    -41.4185     49.756     -0.832      0.405    -138.938      56.101
RET_LAG57     99.1155     47.832      2.072      0.038       5.366     192.865
RET_LAG58    -18.7671     50.141     -0.374      0.708    -117.041      79.506
RET_LAG59    -29.9459     48.986     -0.611      0.541    -125.957      66.066
RET_LAG6     134.6044     46.432      2.899      0.004      43.598     225.610
RET_LAG60     91.5101     48.254      1.896      0.058      -3.066     186.086
RET_LAG7     -39.9502     48.715     -0.820      0.412    -135.429      55.529
RET_LAG8      19.5056     47.161      0.414      0.679     -72.928     111.939
RET_LAG9      75.7432     46.874      1.616      0.106     -16.128     167.614
VIOL_LAG1      0.9274      0.136      6.833      0.000       0.661       1.193
VIOL_LAG10     0.3970      0.143      2.770      0.006       0.116       0.678
VIOL_LAG11     0.5610      0.140      3.998      0.000       0.286       0.836
VIOL_LAG12     0.2245      0.145      1.548      0.122      -0.060       0.509
VIOL_LAG13     0.5847      0.140      4.177      0.000       0.310       0.859
VIOL_LAG14     0.1432      0.148      0.969      0.332      -0.146       0.433
VIOL_LAG15     0.4161      0.142      2.931      0.003       0.138       0.694
VIOL_LAG16     0.1458      0.147      0.990      0.322      -0.143       0.434
VIOL_LAG17    -0.1070      0.150     -0.711      0.477      -0.402       0.188
VIOL_LAG18     0.2918      0.146      2.000      0.045       0.006       0.578
VIOL_LAG19     0.2180      0.148      1.473      0.141      -0.072       0.508
VIOL_LAG2      0.3451      0.142      2.430      0.015       0.067       0.623
VIOL_LAG20     0.1699      0.148      1.150      0.250      -0.120       0.459
VIOL_LAG21     0.1261      0.150      0.841      0.401      -0.168       0.420
VIOL_LAG22     0.0565      0.150      0.377      0.706      -0.238       0.351
VIOL_LAG23    -0.0246      0.154     -0.159      0.873      -0.327       0.278
VIOL_LAG24    -0.0543      0.155     -0.351      0.725      -0.357       0.249
VIOL_LAG25     0.0797      0.151      0.526      0.599      -0.217       0.376
VIOL_LAG26     0.1050      0.151      0.693      0.488      -0.192       0.402
VIOL_LAG27     0.0967      0.150      0.643      0.520      -0.198       0.392
VIOL_LAG28     0.0182      0.155      0.117      0.907      -0.286       0.322
VIOL_LAG29     0.1990      0.149      1.332      0.183      -0.094       0.492
VIOL_LAG3      0.5694      0.140      4.068      0.000       0.295       0.844
VIOL_LAG30     0.1568      0.152      1.034      0.301      -0.140       0.454
VIOL_LAG31     0.3015      0.150      2.016      0.044       0.008       0.595
VIOL_LAG32    -0.0527      0.156     -0.338      0.736      -0.359       0.253
VIOL_LAG33     0.0683      0.153      0.447      0.655      -0.231       0.368
VIOL_LAG34     0.0547      0.153      0.357      0.721      -0.246       0.355
VIOL_LAG35    -0.0036      0.155     -0.023      0.981      -0.307       0.299
VIOL_LAG36     0.0929      0.154      0.604      0.546      -0.209       0.394
VIOL_LAG37    -0.0639      0.157     -0.408      0.683      -0.371       0.243
VIOL_LAG38    -0.0181      0.160     -0.113      0.910      -0.332       0.296
VIOL_LAG39    -0.0065      0.157     -0.041      0.967      -0.314       0.301
VIOL_LAG4      0.6559      0.140      4.687      0.000       0.382       0.930
VIOL_LAG40    -0.0846      0.160     -0.529      0.597      -0.398       0.229
VIOL_LAG41    -0.0711      0.158     -0.450      0.653      -0.380       0.238
VIOL_LAG42     0.2032      0.152      1.341      0.180      -0.094       0.500
VIOL_LAG43     0.1398      0.154      0.908      0.364      -0.162       0.441
VIOL_LAG44    -0.2239      0.159     -1.404      0.160      -0.536       0.089
VIOL_LAG45    -0.0627      0.158     -0.397      0.691      -0.372       0.246
VIOL_LAG46     0.3124      0.151      2.067      0.039       0.016       0.609
VIOL_LAG47     0.4647      0.148      3.137      0.002       0.174       0.755
VIOL_LAG48     0.0618      0.156      0.397      0.691      -0.243       0.367
VIOL_LAG49     0.3487      0.152      2.299      0.022       0.051       0.646
VIOL_LAG5      0.2945      0.145      2.036      0.042       0.011       0.578
VIOL_LAG50    -0.2977      0.164     -1.811      0.070      -0.620       0.024
VIOL_LAG51     0.1447      0.156      0.928      0.353      -0.161       0.450
VIOL_LAG52    -0.2033      0.163     -1.247      0.213      -0.523       0.116
VIOL_LAG53     0.2171      0.153      1.415      0.157      -0.084       0.518
VIOL_LAG54    -0.0753      0.163     -0.462      0.644      -0.394       0.244
VIOL_LAG55     0.2556      0.154      1.660      0.097      -0.046       0.557
VIOL_LAG56    -0.0529      0.159     -0.333      0.739      -0.364       0.258
VIOL_LAG57     0.2180      0.154      1.412      0.158      -0.085       0.521
VIOL_LAG58     0.1031      0.154      0.668      0.504      -0.200       0.406
VIOL_LAG59    -0.1107      0.160     -0.694      0.488      -0.423       0.202
VIOL_LAG6      0.5424      0.141      3.837      0.000       0.265       0.819
VIOL_LAG60     0.2530      0.152      1.660      0.097      -0.046       0.552
VIOL_LAG7      0.1473      0.146      1.010      0.312      -0.139       0.433
VIOL_LAG8      0.1214      0.148      0.823      0.411      -0.168       0.411
VIOL_LAG9      0.2009      0.147      1.368      0.171      -0.087       0.489
==============================================================================