                 Generalized Linear Model Regression Results                  
==============================================================================
Dep. Variable:                      Y   No. Observations:                15172
Model:                            GLM   Df Residuals:                    14972
Model Family:                Binomial   Df Model:                          199
Link Function:                  Logit   Scale:                          1.0000
Method:                          IRLS   Log-Likelihood:                -3148.0
Date:                Sun, 24 Mar 2024   Deviance:                       6295.9
Time:                        21:02:15   Pearson chi2:                 1.44e+04
No. Iterations:                     9   Pseudo R-squ. (CS):            0.05922
Covariance Type:            nonrobust                                         
================================================================================
                   coef    std err          z      P>|z|      [0.025      0.975]
--------------------------------------------------------------------------------
Intercept       -3.6264      0.062    -58.334      0.000      -3.748      -3.505
RET_LAG1       191.5700     44.182      4.336      0.000     104.976     278.165
RET_LAG10       57.8948     47.197      1.227      0.220     -34.610     150.400
RET_LAG11      119.5157     50.504      2.366      0.018      20.530     218.502
RET_LAG12        7.5133     48.060      0.156      0.876     -86.682     101.709
RET_LAG13      115.3931     51.104      2.258      0.024      15.232     215.554
RET_LAG14       61.5386     46.760      1.316      0.188     -30.110     153.187
RET_LAG15       15.5161     47.295      0.328      0.743     -77.181     108.213
RET_LAG16       36.8099     51.030      0.721      0.471     -63.207     136.826
RET_LAG17      -55.4053     49.788     -1.113      0.266    -152.987      42.177
RET_LAG18      117.6060     50.859      2.312      0.021      17.924     217.288
RET_LAG19       87.9471     49.803      1.766      0.077      -9.664     185.559
RET_LAG2       -14.7361     50.933     -0.289      0.772    -114.562      85.090
RET_LAG20        7.1124     49.838      0.143      0.887     -90.568     104.793
RET_LAG21       19.6586     48.168      0.408      0.683     -74.749     114.066
RET_LAG22       -1.6319     49.735     -0.033      0.974     -99.111      95.848
RET_LAG23       24.5299     49.444      0.496      0.620     -72.380     121.439
RET_LAG24       43.0275     52.677      0.817      0.414     -60.217     146.272
RET_LAG25       26.6616     48.586      0.549      0.583     -68.564     121.888
RET_LAG26       42.8749     48.058      0.892      0.372     -51.316     137.066
RET_LAG27        9.5910     48.881      0.196      0.844     -86.214     105.396
RET_LAG28       75.1023     50.883      1.476      0.140     -24.626     174.831
RET_LAG29       18.9251     49.417      0.383      0.702     -77.931     115.781
RET_LAG3       171.4525     45.809      3.743      0.000      81.668     261.237
RET_LAG30       48.6533     51.673      0.942      0.346     -52.624     149.931
RET_LAG31      108.6346     52.219      2.080      0.037       6.287     210.982
RET_LAG32       -7.8734     49.383     -0.159      0.873    -104.663      88.916
RET_LAG33       22.4807     52.819      0.426      0.670     -81.043     126.005
RET_LAG34      -17.1711     56.148     -0.306      0.760    -127.219      92.877
RET_LAG35       -9.1672     53.469     -0.171      0.864    -113.964      95.630
RET_LAG36       36.0486     48.987      0.736      0.462     -59.965     132.062
RET_LAG37      -10.7245     53.688     -0.200      0.842    -115.951      94.502
RET_LAG38       93.6676     48.999      1.912      0.056      -2.368     189.703
RET_LAG39      -34.7339     53.750     -0.646      0.518    -140.083      70.615
RET_LAG4       139.5691     46.820      2.981      0.003      47.803     231.336
RET_LAG40       69.3894     51.630      1.344      0.179     -31.804     170.582
RET_LAG41      -55.1642     49.989     -1.104      0.270    -153.142      42.813
RET_LAG42       47.9550     52.130      0.920      0.358     -54.218     150.128
RET_LAG43       52.1984     51.737      1.009      0.313     -49.204     153.600
RET_LAG44      -71.8408     50.646     -1.418      0.156    -171.106      27.424
RET_LAG45        7.1526     52.136      0.137      0.891     -95.032     109.338
RET_LAG46      110.2974     54.666      2.018      0.044       3.154     217.441
RET_LAG47       85.6528     48.596      1.763      0.078      -9.594     180.900
RET_LAG48       73.8397     49.151      1.502      0.133     -22.495     170.175
RET_LAG49      143.6187     51.107      2.810      0.005      43.450     243.787
RET_LAG5        72.6528     48.460      1.499      0.134     -22.327     167.632
RET_LAG50       -6.3492     55.851     -0.114      0.909    -115.815     103.116
RET_LAG51      105.5816     53.162      1.986      0.047       1.387     209.777
RET_LAG52        8.2939     57.229      0.145      0.885    -103.873     120.461
RET_LAG53       39.2649     49.833      0.788      0.431     -58.405     136.935
RET_LAG54       65.4456     51.805      1.263      0.206     -36.090     166.981
RET_LAG55       39.5314     51.735      0.764      0.445     -61.868     140.931
RET_LAG56      -49.5063     51.462     -0.962      0.336    -150.370      51.357
RET_LAG57      117.3980     52.603      2.232      0.026      14.298     220.498
RET_LAG58      -11.2737     49.311     -0.229      0.819    -107.922      85.374
RET_LAG59      -40.9490     49.337     -0.830      0.407    -137.648      55.750
RET_LAG6       112.7867     46.805      2.410      0.016      21.051     204.522
RET_LAG60       80.6982     54.213      1.489      0.137     -25.557     186.954
RET_LAG7       -58.6719     48.161     -1.218      0.223    -153.065      35.721
RET_LAG8         0.9939     48.083      0.021      0.984     -93.246      95.234
RET_LAG9        76.1891     47.898      1.591      0.112     -17.689     170.067
SQ_RET_LAG1   6.891e+04   1.07e+04      6.452      0.000     4.8e+04    8.98e+04
SQ_RET_LAG10    1.4e+04   1.08e+04      1.295      0.195   -7191.882    3.52e+04
SQ_RET_LAG11 -1.168e+04    1.3e+04     -0.895      0.371   -3.72e+04    1.39e+04
SQ_RET_LAG12  1.084e+04   1.21e+04      0.894      0.371   -1.29e+04    3.46e+04
SQ_RET_LAG13 -1.275e+04   1.38e+04     -0.924      0.355   -3.98e+04    1.43e+04
SQ_RET_LAG14  6436.3648   1.07e+04      0.602      0.547   -1.45e+04    2.74e+04
SQ_RET_LAG15  1.501e+04   1.08e+04      1.396      0.163   -6058.671    3.61e+04
SQ_RET_LAG16  -1.74e+04   1.37e+04     -1.267      0.205   -4.43e+04    9508.794
SQ_RET_LAG17  -512.7148   1.33e+04     -0.039      0.969   -2.65e+04    2.55e+04
SQ_RET_LAG18 -6989.2685   1.32e+04     -0.529      0.597   -3.29e+04    1.89e+04
SQ_RET_LAG19  4511.2760    1.3e+04      0.346      0.729   -2.11e+04    3.01e+04
SQ_RET_LAG2  -2.945e+04   1.26e+04     -2.345      0.019   -5.41e+04   -4832.774
SQ_RET_LAG20 -3947.7209   1.19e+04     -0.332      0.740   -2.72e+04    1.93e+04
SQ_RET_LAG21  1.406e+04   1.11e+04      1.266      0.206   -7708.164    3.58e+04
SQ_RET_LAG22 -3831.8798   1.22e+04     -0.314      0.754   -2.78e+04    2.01e+04
SQ_RET_LAG23  7143.7619   1.25e+04      0.573      0.567   -1.73e+04    3.16e+04
SQ_RET_LAG24 -9503.7124   1.51e+04     -0.630      0.528   -3.91e+04       2e+04
SQ_RET_LAG25   935.1728   1.13e+04      0.083      0.934   -2.11e+04     2.3e+04
SQ_RET_LAG26  1.257e+04   1.07e+04      1.172      0.241   -8440.780    3.36e+04
SQ_RET_LAG27  1861.1774   1.09e+04      0.170      0.865   -1.95e+04    2.33e+04
SQ_RET_LAG28  1763.0731   1.26e+04      0.140      0.889    -2.3e+04    2.65e+04
SQ_RET_LAG29  4917.4745   1.23e+04      0.401      0.688   -1.91e+04    2.89e+04
SQ_RET_LAG3   1.735e+04   1.02e+04      1.697      0.090   -2689.053    3.74e+04
SQ_RET_LAG30 -6586.3707   1.39e+04     -0.475      0.635   -3.38e+04    2.06e+04
SQ_RET_LAG31 -8195.7776   1.52e+04     -0.540      0.590    -3.8e+04    2.16e+04
SQ_RET_LAG32  1.092e+04   1.26e+04      0.864      0.388   -1.39e+04    3.57e+04
SQ_RET_LAG33 -8082.4131   1.44e+04     -0.560      0.575   -3.64e+04    2.02e+04
SQ_RET_LAG34 -4.054e+04   2.15e+04     -1.890      0.059   -8.26e+04    1503.328
SQ_RET_LAG35  -2.62e+04   1.58e+04     -1.659      0.097   -5.72e+04    4757.483
SQ_RET_LAG36  2.924e+04   1.22e+04      2.391      0.017    5268.965    5.32e+04
SQ_RET_LAG37 -3.133e+04   1.44e+04     -2.180      0.029   -5.95e+04   -3156.031
SQ_RET_LAG38  3.578e+04   1.25e+04      2.870      0.004    1.13e+04    6.02e+04
SQ_RET_LAG39 -2.241e+04   1.62e+04     -1.379      0.168   -5.43e+04    9434.219
SQ_RET_LAG4   1.056e+04   1.07e+04      0.986      0.324   -1.04e+04    3.16e+04
SQ_RET_LAG40  4955.7694   1.39e+04      0.358      0.721   -2.22e+04    3.21e+04
SQ_RET_LAG41  5905.8418   1.19e+04      0.498      0.618   -1.73e+04    2.91e+04
SQ_RET_LAG42 -1323.6956   1.33e+04     -0.099      0.921   -2.75e+04    2.48e+04
SQ_RET_LAG43 -3928.6933    1.4e+04     -0.280      0.779   -3.14e+04    2.36e+04
SQ_RET_LAG44  6321.3722   1.23e+04      0.513      0.608   -1.78e+04    3.05e+04
SQ_RET_LAG45  2794.4110   1.32e+04      0.212      0.832   -2.31e+04    2.87e+04
SQ_RET_LAG46 -2.359e+04   1.77e+04     -1.329      0.184   -5.84e+04    1.12e+04
SQ_RET_LAG47  1.914e+04   1.09e+04      1.763      0.078   -2140.521    4.04e+04
SQ_RET_LAG48 -6639.0959   1.06e+04     -0.627      0.531   -2.74e+04    1.41e+04
SQ_RET_LAG49   1.68e+04   1.22e+04      1.374      0.169   -7165.164    4.08e+04
SQ_RET_LAG5  -1013.5147   1.13e+04     -0.090      0.929   -2.32e+04    2.12e+04
SQ_RET_LAG50 -1.973e+04   1.89e+04     -1.044      0.296   -5.68e+04    1.73e+04
SQ_RET_LAG51 -7524.1707   1.47e+04     -0.510      0.610   -3.64e+04    2.14e+04
SQ_RET_LAG52  -3.37e+04   2.07e+04     -1.627      0.104   -7.43e+04    6889.328
SQ_RET_LAG53   1.76e+04   1.15e+04      1.528      0.126   -4972.024    4.02e+04
SQ_RET_LAG54 -5167.9281   1.27e+04     -0.408      0.683      -3e+04    1.96e+04
SQ_RET_LAG55  5866.9258   1.34e+04      0.438      0.662   -2.04e+04    3.21e+04
SQ_RET_LAG56 -2033.2612   1.26e+04     -0.162      0.871   -2.66e+04    2.26e+04
SQ_RET_LAG57 -5240.7781   1.36e+04     -0.385      0.700   -3.19e+04    2.14e+04
SQ_RET_LAG58  1.019e+04   1.08e+04      0.942      0.346    -1.1e+04    3.14e+04
SQ_RET_LAG59  9110.0036   1.06e+04      0.860      0.390   -1.17e+04    2.99e+04
SQ_RET_LAG6   9174.7071   1.07e+04      0.858      0.391   -1.18e+04    3.01e+04
SQ_RET_LAG60 -7503.4606   1.38e+04     -0.542      0.588   -3.46e+04    1.96e+04
SQ_RET_LAG7   6623.1430   1.11e+04      0.596      0.551   -1.51e+04    2.84e+04
SQ_RET_LAG8   1775.8550    1.1e+04      0.162      0.871   -1.97e+04    2.33e+04
SQ_RET_LAG9   -489.5204    1.1e+04     -0.045      0.964    -2.2e+04     2.1e+04
VIOL_LAG1        0.6445      0.145      4.437      0.000       0.360       0.929
VIOL_LAG10       0.3300      0.151      2.183      0.029       0.034       0.626
VIOL_LAG11       0.5250      0.156      3.370      0.001       0.220       0.830
VIOL_LAG12       0.1585      0.154      1.031      0.302      -0.143       0.460
VIOL_LAG13       0.5891      0.156      3.771      0.000       0.283       0.895
VIOL_LAG14       0.1026      0.155      0.664      0.507      -0.200       0.406
VIOL_LAG15       0.3229      0.150      2.154      0.031       0.029       0.617
VIOL_LAG16       0.2268      0.161      1.412      0.158      -0.088       0.542
VIOL_LAG17      -0.1514      0.159     -0.951      0.342      -0.463       0.161
VIOL_LAG18       0.3477      0.161      2.157      0.031       0.032       0.664
VIOL_LAG19       0.2007      0.162      1.242      0.214      -0.116       0.517
VIOL_LAG2        0.2751      0.153      1.799      0.072      -0.025       0.575
VIOL_LAG20       0.2073      0.155      1.341      0.180      -0.096       0.510
VIOL_LAG21       0.0518      0.161      0.322      0.747      -0.263       0.367
VIOL_LAG22       0.0775      0.160      0.485      0.627      -0.235       0.390
VIOL_LAG23      -0.0792      0.168     -0.472      0.637      -0.408       0.250
VIOL_LAG24      -0.0030      0.170     -0.018      0.986      -0.337       0.331
VIOL_LAG25       0.0760      0.159      0.479      0.632      -0.235       0.387
VIOL_LAG26       0.0659      0.160      0.411      0.681      -0.249       0.380
VIOL_LAG27       0.1381      0.157      0.880      0.379      -0.169       0.446
VIOL_LAG28       0.0088      0.169      0.052      0.959      -0.323       0.341
VIOL_LAG29       0.2393      0.158      1.517      0.129      -0.070       0.549
VIOL_LAG3        0.5304      0.148      3.593      0.000       0.241       0.820
VIOL_LAG30       0.1873      0.165      1.133      0.257      -0.137       0.511
VIOL_LAG31       0.3977      0.164      2.421      0.015       0.076       0.720
VIOL_LAG32      -0.0642      0.164     -0.392      0.695      -0.385       0.257
VIOL_LAG33       0.2011      0.168      1.199      0.231      -0.128       0.530
VIOL_LAG34       0.2251      0.170      1.322      0.186      -0.109       0.559
VIOL_LAG35       0.0857      0.164      0.524      0.600      -0.235       0.406
VIOL_LAG36       0.0734      0.165      0.446      0.656      -0.249       0.396
VIOL_LAG37       0.0251      0.164      0.153      0.879      -0.297       0.347
VIOL_LAG38      -0.0552      0.172     -0.321      0.748      -0.393       0.282
VIOL_LAG39       0.0677      0.169      0.402      0.688      -0.263       0.398
VIOL_LAG4        0.5214      0.151      3.462      0.001       0.226       0.817
VIOL_LAG40      -0.0097      0.173     -0.056      0.955      -0.349       0.330
VIOL_LAG41      -0.0609      0.163     -0.374      0.708      -0.380       0.258
VIOL_LAG42       0.3048      0.163      1.865      0.062      -0.016       0.625
VIOL_LAG43       0.1870      0.167      1.122      0.262      -0.140       0.514
VIOL_LAG44      -0.1834      0.165     -1.112      0.266      -0.507       0.140
VIOL_LAG45       0.0191      0.169      0.113      0.910      -0.312       0.350
VIOL_LAG46       0.4389      0.167      2.630      0.009       0.112       0.766
VIOL_LAG47       0.4769      0.153      3.118      0.002       0.177       0.777
VIOL_LAG48       0.1495      0.163      0.919      0.358      -0.169       0.468
VIOL_LAG49       0.3722      0.165      2.254      0.024       0.049       0.696
VIOL_LAG5        0.2483      0.153      1.625      0.104      -0.051       0.548
VIOL_LAG50      -0.1402      0.181     -0.775      0.439      -0.495       0.215
VIOL_LAG51       0.2099      0.170      1.236      0.216      -0.123       0.543
VIOL_LAG52      -0.0732      0.181     -0.404      0.686      -0.428       0.282
VIOL_LAG53       0.2340      0.160      1.466      0.143      -0.079       0.547
VIOL_LAG54      -0.0708      0.175     -0.404      0.686      -0.414       0.272
VIOL_LAG55       0.2838      0.164      1.727      0.084      -0.038       0.606
VIOL_LAG56      -0.0208      0.165     -0.126      0.900      -0.345       0.303
VIOL_LAG57       0.2966      0.168      1.761      0.078      -0.034       0.627
VIOL_LAG58       0.0999      0.160      0.624      0.533      -0.214       0.414
VIOL_LAG59      -0.1018      0.167     -0.610      0.542      -0.429       0.225
VIOL_LAG6        0.4304      0.152      2.834      0.005       0.133       0.728
VIOL_LAG60       0.2728      0.169      1.610      0.108      -0.059       0.605
VIOL_LAG7        0.0856      0.153      0.561      0.575      -0.213       0.384
VIOL_LAG8        0.0432      0.157      0.275      0.784      -0.265       0.351
VIOL_LAG9        0.1845      0.156      1.183      0.237      -0.121       0.490
VOL_LAG1      5.856e-08   9.11e-08      0.643      0.520    -1.2e-07    2.37e-07
VOL_LAG10    -9.711e-08   1.75e-07     -0.554      0.579   -4.41e-07    2.46e-07
VOL_LAG11     1.228e-07    9.5e-08      1.292      0.196   -6.34e-08    3.09e-07
VOL_LAG12     5.289e-08   1.21e-07      0.438      0.661   -1.84e-07     2.9e-07
VOL_LAG13     9.606e-08   9.86e-08      0.974      0.330   -9.72e-08    2.89e-07
VOL_LAG14     5.622e-08   1.26e-07      0.446      0.656   -1.91e-07    3.03e-07
VOL_LAG15    -1.367e-08   1.36e-07     -0.101      0.920    -2.8e-07    2.53e-07
VOL_LAG16      1.41e-07   1.09e-07      1.299      0.194   -7.17e-08    3.54e-07
VOL_LAG17    -1.593e-07   2.39e-07     -0.666      0.506   -6.28e-07     3.1e-07
VOL_LAG18    -5.353e-08   1.74e-07     -0.308      0.758   -3.94e-07    2.87e-07
VOL_LAG19     7.389e-08   1.26e-07      0.584      0.559   -1.74e-07    3.22e-07
VOL_LAG2      2.046e-07   7.32e-08      2.795      0.005    6.11e-08    3.48e-07
VOL_LAG20    -2.147e-09   1.45e-07     -0.015      0.988   -2.87e-07    2.82e-07
VOL_LAG21    -7.818e-08   1.94e-07     -0.402      0.688   -4.59e-07    3.03e-07
VOL_LAG22    -1.298e-07   2.21e-07     -0.587      0.558   -5.64e-07    3.04e-07
VOL_LAG23     1.236e-07   1.09e-07      1.135      0.256   -8.98e-08    3.37e-07
VOL_LAG24     1.157e-08    1.5e-07      0.077      0.938   -2.82e-07    3.05e-07
VOL_LAG25     6.586e-08   1.28e-07      0.513      0.608   -1.86e-07    3.18e-07
VOL_LAG26    -2.104e-08   1.61e-07     -0.131      0.896   -3.36e-07    2.94e-07
VOL_LAG27    -5.129e-08   1.97e-07     -0.261      0.794   -4.37e-07    3.34e-07
VOL_LAG28    -1.096e-07   2.26e-07     -0.484      0.628   -5.53e-07    3.34e-07
VOL_LAG29    -1.068e-07   2.15e-07     -0.497      0.619   -5.28e-07    3.14e-07
VOL_LAG3      7.095e-08   9.37e-08      0.757      0.449   -1.13e-07    2.55e-07
VOL_LAG30     1.544e-07   1.09e-07      1.417      0.156   -5.91e-08    3.68e-07
VOL_LAG31    -5.634e-08   2.03e-07     -0.278      0.781   -4.54e-07    3.41e-07
VOL_LAG32    -8.427e-08   2.16e-07     -0.391      0.696   -5.07e-07    3.38e-07
VOL_LAG33    -1.625e-07    2.6e-07     -0.625      0.532   -6.72e-07    3.47e-07
VOL_LAG34    -3.892e-08   2.09e-07     -0.186      0.853   -4.49e-07    3.71e-07
VOL_LAG35    -6.239e-08   2.21e-07     -0.282      0.778   -4.96e-07    3.71e-07
VOL_LAG36     8.378e-08   1.29e-07      0.652      0.515   -1.68e-07    3.36e-07
VOL_LAG37     8.717e-09   1.57e-07      0.055      0.956      -3e-07    3.17e-07
VOL_LAG38     1.034e-07   1.24e-07      0.834      0.404    -1.4e-07    3.46e-07
VOL_LAG39    -1.965e-07   3.01e-07     -0.653      0.514   -7.86e-07    3.93e-07
VOL_LAG4      -2.16e-09   1.08e-07     -0.020      0.984   -2.14e-07     2.1e-07
VOL_LAG40    -7.897e-08   2.28e-07     -0.346      0.729   -5.27e-07    3.69e-07
VOL_LAG41     1.089e-07   1.36e-07      0.803      0.422   -1.57e-07    3.75e-07
VOL_LAG42    -3.707e-07   3.63e-07     -1.020      0.308   -1.08e-06    3.41e-07
VOL_LAG43     1.742e-07   1.04e-07      1.669      0.095   -3.04e-08    3.79e-07
VOL_LAG44    -1.283e-07   2.62e-07     -0.490      0.624   -6.41e-07    3.85e-07
VOL_LAG45    -5.896e-07   4.45e-07     -1.326      0.185   -1.46e-06    2.82e-07
VOL_LAG46    -1.126e-07   2.24e-07     -0.502      0.616   -5.52e-07    3.27e-07
VOL_LAG47     1.243e-07   1.23e-07      1.010      0.313   -1.17e-07    3.66e-07
VOL_LAG48     1.022e-07   1.26e-07      0.809      0.419   -1.46e-07     3.5e-07
VOL_LAG49    -2.174e-07   2.83e-07     -0.767      0.443   -7.73e-07    3.38e-07
VOL_LAG5      1.076e-08   1.18e-07      0.091      0.927   -2.21e-07    2.42e-07
VOL_LAG50    -7.711e-08   2.02e-07     -0.382      0.702   -4.73e-07    3.19e-07
VOL_LAG51    -2.058e-08   1.82e-07     -0.113      0.910   -3.77e-07    3.36e-07
VOL_LAG52     1.311e-07   1.23e-07      1.066      0.287    -1.1e-07    3.72e-07
VOL_LAG53    -3.213e-07   3.48e-07     -0.923      0.356      -1e-06    3.61e-07
VOL_LAG54     9.662e-08   1.15e-07      0.842      0.400   -1.28e-07    3.21e-07
VOL_LAG55     3.503e-08    1.4e-07      0.250      0.803    -2.4e-07     3.1e-07
VOL_LAG56     4.446e-08   1.33e-07      0.334      0.738   -2.16e-07    3.05e-07
VOL_LAG57    -3.147e-09    1.7e-07     -0.018      0.985   -3.37e-07    3.31e-07
VOL_LAG58    -1.707e-07   2.37e-07     -0.719      0.472   -6.36e-07    2.94e-07
VOL_LAG59    -1.451e-07   2.32e-07     -0.627      0.531   -5.99e-07    3.09e-07
VOL_LAG6      4.374e-08   1.06e-07      0.412      0.681   -1.64e-07    2.52e-07
VOL_LAG60     1.534e-07   1.01e-07      1.524      0.127   -4.38e-08    3.51e-07
VOL_LAG7       2.88e-08   1.16e-07      0.247      0.805   -1.99e-07    2.57e-07
VOL_LAG8     -2.405e-08    1.2e-07     -0.201      0.841   -2.59e-07    2.11e-07
VOL_LAG9      9.527e-08   9.91e-08      0.961      0.336    -9.9e-08    2.89e-07
================================================================================