                 Generalized Linear Model Regression Results                  
==============================================================================
Dep. Variable:                      Y   No. Observations:                15172
Model:                            GLM   Df Residuals:                    14991
Model Family:                Binomial   Df Model:                          180
Link Function:                  Logit   Scale:                          1.0000
Method:                          IRLS   Log-Likelihood:                -3185.9
Date:                Sun, 17 Mar 2024   Deviance:                       6371.8
Time:                        18:46:12   Pearson chi2:                 1.47e+04
No. Iterations:                     6   Pseudo R-squ. (CS):            0.05451
Covariance Type:            nonrobust                                         
==============================================================================
                 coef    std err          z      P>|z|      [0.025      0.975]
------------------------------------------------------------------------------
Intercept     -3.6063      0.060    -59.720      0.000      -3.725      -3.488
RET_LAG1     285.8286     45.026      6.348      0.000     197.580     374.077
RET_LAG10     82.1933     47.746      1.721      0.085     -11.387     175.773
RET_LAG11    106.8304     47.179      2.264      0.024      14.362     199.299
RET_LAG12     39.6750     48.179      0.823      0.410     -54.755     134.105
RET_LAG13    114.0806     47.065      2.424      0.015      21.834     206.327
RET_LAG14     68.8135     47.682      1.443      0.149     -24.641     162.268
RET_LAG15     43.3054     47.968      0.903      0.367     -50.710     137.321
RET_LAG16     31.8693     47.364      0.673      0.501     -60.963     124.701
RET_LAG17    -53.2810     47.790     -1.115      0.265    -146.947      40.385
RET_LAG18    100.3429     46.556      2.155      0.031       9.096     191.590
RET_LAG19     89.8254     47.264      1.901      0.057      -2.810     182.461
RET_LAG2      28.8839     49.078      0.589      0.556     -67.308     125.076
RET_LAG20    -13.1312     48.665     -0.270      0.787    -108.514      82.251
RET_LAG21     41.2693     47.667      0.866      0.387     -52.156     134.695
RET_LAG22    -13.3695     48.775     -0.274      0.784    -108.967      82.228
RET_LAG23     40.6391     47.653      0.853      0.394     -52.759     134.037
RET_LAG24     24.7177     48.949      0.505      0.614     -71.220     120.656
RET_LAG25     27.7154     48.448      0.572      0.567     -67.240     122.671
RET_LAG26     35.4526     48.683      0.728      0.466     -59.965     130.870
RET_LAG27    -11.5610     48.425     -0.239      0.811    -106.471      83.349
RET_LAG28     75.9720     47.476      1.600      0.110     -17.079     169.023
RET_LAG29     18.3249     48.674      0.376      0.707     -77.074     113.724
RET_LAG3     161.2025     46.408      3.474      0.001      70.244     252.160
RET_LAG30     46.9875     47.763      0.984      0.325     -46.626     140.601
RET_LAG31     79.2461     47.857      1.656      0.098     -14.551     173.043
RET_LAG32     -7.8228     49.106     -0.159      0.873    -104.069      88.423
RET_LAG33      5.2800     48.640      0.109      0.914     -90.053     100.613
RET_LAG34    -29.3023     49.708     -0.589      0.556    -126.729      68.124
RET_LAG35    -27.8621     49.519     -0.563      0.574    -124.918      69.193
RET_LAG36     42.0239     48.343      0.869      0.385     -52.728     136.775
RET_LAG37    -24.4687     49.928     -0.490      0.624    -122.326      73.389
RET_LAG38    109.0901     48.344      2.257      0.024      14.338     203.843
RET_LAG39    -37.7993     50.573     -0.747      0.455    -136.920      61.322
RET_LAG4     178.6417     47.001      3.801      0.000      86.520     270.763
RET_LAG40     42.2618     48.717      0.867      0.386     -53.222     137.746
RET_LAG41    -55.6379     50.687     -1.098      0.272    -154.983      43.707
RET_LAG42     41.0475     48.836      0.841      0.401     -54.670     136.765
RET_LAG43     49.2616     49.303      0.999      0.318     -47.371     145.894
RET_LAG44    -93.7856     50.649     -1.852      0.064    -193.056       5.485
RET_LAG45     -1.4594     49.517     -0.029      0.976     -98.510      95.592
RET_LAG46     74.4736     48.810      1.526      0.127     -21.193     170.140
RET_LAG47     94.3127     49.338      1.912      0.056      -2.388     191.014
RET_LAG48     37.7686     48.183      0.784      0.433     -56.669     132.206
RET_LAG49    141.2011     48.305      2.923      0.003      46.524     235.878
RET_LAG5      59.4676     48.864      1.217      0.224     -36.303     155.238
RET_LAG50    -31.5622     50.406     -0.626      0.531    -130.356      67.231
RET_LAG51     96.8400     47.930      2.020      0.043       2.899     190.781
RET_LAG52    -24.0246     50.842     -0.473      0.637    -123.673      75.623
RET_LAG53     39.1711     49.655      0.789      0.430     -58.150     136.493
RET_LAG54     81.4531     49.717      1.638      0.101     -15.991     178.897
RET_LAG55     33.9311     51.048      0.665      0.506     -66.122     133.984
RET_LAG56    -37.4822     50.832     -0.737      0.461    -137.110      62.146
RET_LAG57    107.4546     48.827      2.201      0.028      11.756     203.154
RET_LAG58    -12.8184     51.220     -0.250      0.802    -113.208      87.571
RET_LAG59    -27.6919     49.591     -0.558      0.577    -124.888      69.505
RET_LAG6     133.0874     46.906      2.837      0.005      41.152     225.022
RET_LAG60     99.5993     49.391      2.017      0.044       2.794     196.405
RET_LAG61    -25.4809     51.282     -0.497      0.619    -125.991      75.029
RET_LAG62    -49.3573     51.653     -0.956      0.339    -150.596      51.881
RET_LAG63   -156.9680     53.259     -2.947      0.003    -261.353     -52.583
RET_LAG64    -49.4953     50.796     -0.974      0.330    -149.053      50.062
RET_LAG65     65.4498     49.942      1.311      0.190     -32.436     163.335
RET_LAG66     61.2263     50.665      1.208      0.227     -38.075     160.528
RET_LAG67     55.5416     50.466      1.101      0.271     -43.371     154.454
RET_LAG68     93.9602     51.342      1.830      0.067      -6.668     194.588
RET_LAG69    -43.4387     52.384     -0.829      0.407    -146.109      59.232
RET_LAG7     -43.7483     49.572     -0.883      0.377    -140.907      53.410
RET_LAG70     22.4718     50.592      0.444      0.657     -76.687     121.631
RET_LAG71    -22.5493     52.641     -0.428      0.668    -125.724      80.625
RET_LAG72     27.3502     51.549      0.531      0.596     -73.684     128.385
RET_LAG73    -55.3535     52.285     -1.059      0.290    -157.829      47.122
RET_LAG74     60.2241     50.257      1.198      0.231     -38.277     158.725
RET_LAG75   -110.6502     53.665     -2.062      0.039    -215.831      -5.470
RET_LAG76    -70.5799     53.923     -1.309      0.191    -176.268      35.108
RET_LAG77    -99.4498     54.322     -1.831      0.067    -205.919       7.020
RET_LAG78    -16.0765     52.650     -0.305      0.760    -119.268      87.115
RET_LAG79    -32.4692     53.206     -0.610      0.542    -136.751      71.812
RET_LAG8      20.5062     47.657      0.430      0.667     -72.901     113.913
RET_LAG80      6.8283     52.830      0.129      0.897     -96.717     110.374
RET_LAG81      1.8449     52.746      0.035      0.972    -101.535     105.225
RET_LAG82      1.8148     53.588      0.034      0.973    -103.216     106.845
RET_LAG83    -58.9626     53.757     -1.097      0.273    -164.324      46.398
RET_LAG84    -14.0027     52.689     -0.266      0.790    -117.271      89.266
RET_LAG85     58.0421     51.362      1.130      0.258     -42.626     158.710
RET_LAG86     61.7350     53.078      1.163      0.245     -42.295     165.765
RET_LAG87    -29.2234     52.858     -0.553      0.580    -132.823      74.377
RET_LAG88    -81.0762     52.814     -1.535      0.125    -184.590      22.438
RET_LAG89     75.9363     50.579      1.501      0.133     -23.198     175.070
RET_LAG9      68.3347     47.293      1.445      0.148     -24.359     161.028
RET_LAG90     51.0279     53.595      0.952      0.341     -54.016     156.072
VIOL_LAG1      0.9476      0.137      6.895      0.000       0.678       1.217
VIOL_LAG10     0.4044      0.145      2.789      0.005       0.120       0.689
VIOL_LAG11     0.5469      0.143      3.835      0.000       0.267       0.826
VIOL_LAG12     0.2474      0.147      1.684      0.092      -0.040       0.535
VIOL_LAG13     0.5947      0.142      4.188      0.000       0.316       0.873
VIOL_LAG14     0.1355      0.150      0.904      0.366      -0.158       0.429
VIOL_LAG15     0.4227      0.144      2.936      0.003       0.141       0.705
VIOL_LAG16     0.1651      0.149      1.107      0.268      -0.127       0.457
VIOL_LAG17    -0.1234      0.153     -0.807      0.420      -0.423       0.176
VIOL_LAG18     0.3153      0.147      2.143      0.032       0.027       0.604
VIOL_LAG19     0.1948      0.150      1.295      0.195      -0.100       0.489
VIOL_LAG2      0.3746      0.144      2.602      0.009       0.092       0.657
VIOL_LAG20     0.1765      0.150      1.180      0.238      -0.117       0.470
VIOL_LAG21     0.1301      0.152      0.855      0.392      -0.168       0.428
VIOL_LAG22     0.0813      0.152      0.534      0.593      -0.217       0.379
VIOL_LAG23    -0.0512      0.157     -0.326      0.744      -0.359       0.257
VIOL_LAG24    -0.0393      0.156     -0.252      0.801      -0.346       0.267
VIOL_LAG25     0.0780      0.153      0.509      0.611      -0.222       0.378
VIOL_LAG26     0.1148      0.154      0.748      0.454      -0.186       0.416
VIOL_LAG27     0.0676      0.153      0.442      0.659      -0.233       0.368
VIOL_LAG28    -0.0117      0.157     -0.075      0.941      -0.320       0.297
VIOL_LAG29     0.2437      0.151      1.612      0.107      -0.053       0.540
VIOL_LAG3      0.5900      0.142      4.161      0.000       0.312       0.868
VIOL_LAG30     0.1558      0.154      1.010      0.313      -0.147       0.458
VIOL_LAG31     0.3149      0.152      2.078      0.038       0.018       0.612
VIOL_LAG32    -0.0699      0.159     -0.440      0.660      -0.381       0.241
VIOL_LAG33     0.1191      0.154      0.771      0.440      -0.184       0.422
VIOL_LAG34     0.0660      0.156      0.423      0.672      -0.240       0.372
VIOL_LAG35     0.0002      0.157      0.001      0.999      -0.308       0.308
VIOL_LAG36     0.0723      0.156      0.464      0.643      -0.233       0.378
VIOL_LAG37    -0.0439      0.159     -0.277      0.782      -0.355       0.267
VIOL_LAG38    -0.0334      0.162     -0.206      0.837      -0.352       0.285
VIOL_LAG39    -0.0165      0.159     -0.103      0.918      -0.328       0.295
VIOL_LAG4      0.6399      0.141      4.523      0.000       0.363       0.917
VIOL_LAG40    -0.1205      0.163     -0.741      0.459      -0.439       0.198
VIOL_LAG41    -0.0522      0.160     -0.326      0.744      -0.366       0.261
VIOL_LAG42     0.2049      0.154      1.327      0.185      -0.098       0.508
VIOL_LAG43     0.1458      0.156      0.937      0.349      -0.159       0.451
VIOL_LAG44    -0.2551      0.163     -1.569      0.117      -0.574       0.064
VIOL_LAG45    -0.0278      0.160     -0.174      0.862      -0.341       0.285
VIOL_LAG46     0.3038      0.154      1.974      0.048       0.002       0.605
VIOL_LAG47     0.4591      0.150      3.054      0.002       0.164       0.754
VIOL_LAG48     0.0680      0.158      0.430      0.667      -0.242       0.378
VIOL_LAG49     0.3523      0.154      2.288      0.022       0.051       0.654
VIOL_LAG5      0.2924      0.147      1.995      0.046       0.005       0.580
VIOL_LAG50    -0.2594      0.167     -1.554      0.120      -0.587       0.068
VIOL_LAG51     0.1552      0.158      0.981      0.327      -0.155       0.465
VIOL_LAG52    -0.1968      0.166     -1.185      0.236      -0.522       0.129
VIOL_LAG53     0.2580      0.156      1.658      0.097      -0.047       0.563
VIOL_LAG54    -0.0653      0.166     -0.394      0.694      -0.390       0.260
VIOL_LAG55     0.2610      0.157      1.663      0.096      -0.047       0.569
VIOL_LAG56    -0.0473      0.162     -0.292      0.770      -0.365       0.270
VIOL_LAG57     0.2602      0.158      1.646      0.100      -0.050       0.570
VIOL_LAG58     0.1152      0.158      0.727      0.467      -0.195       0.426
VIOL_LAG59    -0.1113      0.164     -0.679      0.497      -0.432       0.210
VIOL_LAG6      0.5616      0.143      3.926      0.000       0.281       0.842
VIOL_LAG60     0.3038      0.157      1.939      0.052      -0.003       0.611
VIOL_LAG61    -0.1258      0.165     -0.761      0.446      -0.450       0.198
VIOL_LAG62    -0.0779      0.163     -0.477      0.634      -0.398       0.242
VIOL_LAG63    -0.2884      0.168     -1.712      0.087      -0.619       0.042
VIOL_LAG64    -0.0852      0.164     -0.520      0.603      -0.406       0.236
VIOL_LAG65     0.1907      0.162      1.176      0.240      -0.127       0.508
VIOL_LAG66     0.1901      0.160      1.187      0.235      -0.124       0.504
VIOL_LAG67     0.0403      0.166      0.243      0.808      -0.285       0.366
VIOL_LAG68    -0.2024      0.174     -1.164      0.245      -0.543       0.138
VIOL_LAG69    -0.0441      0.166     -0.266      0.791      -0.370       0.281
VIOL_LAG7      0.1356      0.148      0.915      0.360      -0.155       0.426
VIOL_LAG70     0.3117      0.157      1.989      0.047       0.005       0.619
VIOL_LAG71    -0.1016      0.168     -0.606      0.544      -0.430       0.227
VIOL_LAG72    -0.0887      0.170     -0.521      0.602      -0.422       0.245
VIOL_LAG73     0.0254      0.162      0.157      0.875      -0.292       0.343
VIOL_LAG74     0.2772      0.161      1.720      0.085      -0.039       0.593
VIOL_LAG75    -0.2927      0.171     -1.709      0.087      -0.628       0.043
VIOL_LAG76    -0.4093      0.177     -2.310      0.021      -0.757      -0.062
VIOL_LAG77    -0.2767      0.175     -1.582      0.114      -0.619       0.066
VIOL_LAG78     0.0325      0.166      0.196      0.845      -0.293       0.358
VIOL_LAG79    -0.1607      0.173     -0.926      0.354      -0.501       0.179
VIOL_LAG8      0.1008      0.150      0.673      0.501      -0.193       0.394
VIOL_LAG80     0.0427      0.167      0.255      0.798      -0.285       0.370
VIOL_LAG81     0.1543      0.164      0.942      0.346      -0.167       0.476
VIOL_LAG82    -0.3616      0.182     -1.985      0.047      -0.719      -0.005
VIOL_LAG83     0.1198      0.164      0.730      0.465      -0.202       0.441
VIOL_LAG84     0.1072      0.164      0.652      0.514      -0.215       0.429
VIOL_LAG85     0.1831      0.164      1.116      0.264      -0.139       0.505
VIOL_LAG86     0.2360      0.164      1.443      0.149      -0.085       0.557
VIOL_LAG87    -0.0341      0.169     -0.202      0.840      -0.365       0.297
VIOL_LAG88    -0.1180      0.167     -0.708      0.479      -0.445       0.209
VIOL_LAG89     0.0451      0.167      0.271      0.787      -0.282       0.372
VIOL_LAG9      0.2215      0.148      1.494      0.135      -0.069       0.512
VIOL_LAG90     0.0233      0.170      0.137      0.891      -0.310       0.356
==============================================================================