                 Generalized Linear Model Regression Results                  
==============================================================================
Dep. Variable:                      Y   No. Observations:                15172
Model:                            GLM   Df Residuals:                    15051
Model Family:                Binomial   Df Model:                          120
Link Function:                  Logit   Scale:                          1.0000
Method:                          IRLS   Log-Likelihood:                -3284.3
Date:                Sun, 24 Mar 2024   Deviance:                       6568.6
Time:                        20:56:29   Pearson chi2:                 1.43e+04
No. Iterations:                     7   Pseudo R-squ. (CS):            0.04217
Covariance Type:            nonrobust                                         
==============================================================================
                 coef    std err          z      P>|z|      [0.025      0.975]
------------------------------------------------------------------------------
Intercept     -3.4009      0.056    -61.059      0.000      -3.510      -3.292
VIOL_LAG1      0.4258      0.108      3.933      0.000       0.214       0.638
VIOL_LAG10     0.3132      0.111      2.832      0.005       0.096       0.530
VIOL_LAG11     0.3876      0.108      3.574      0.000       0.175       0.600
VIOL_LAG12     0.2230      0.112      1.989      0.047       0.003       0.443
VIOL_LAG13     0.4018      0.108      3.711      0.000       0.190       0.614
VIOL_LAG14     0.0793      0.116      0.684      0.494      -0.148       0.306
VIOL_LAG15     0.4541      0.108      4.217      0.000       0.243       0.665
VIOL_LAG16     0.0928      0.116      0.802      0.422      -0.134       0.320
VIOL_LAG17     0.0779      0.117      0.666      0.505      -0.151       0.307
VIOL_LAG18     0.1797      0.115      1.565      0.118      -0.045       0.405
VIOL_LAG19     0.1319      0.116      1.136      0.256      -0.096       0.360
VIOL_LAG2      0.3798      0.108      3.502      0.000       0.167       0.592
VIOL_LAG20     0.2497      0.114      2.197      0.028       0.027       0.473
VIOL_LAG21     0.0791      0.118      0.672      0.502      -0.152       0.310
VIOL_LAG22     0.1476      0.117      1.267      0.205      -0.081       0.376
VIOL_LAG23    -0.0319      0.122     -0.262      0.793      -0.271       0.207
VIOL_LAG24    -0.0387      0.122     -0.318      0.750      -0.277       0.200
VIOL_LAG25     0.0894      0.119      0.751      0.453      -0.144       0.323
VIOL_LAG26     0.0765      0.119      0.644      0.519      -0.156       0.309
VIOL_LAG27     0.2321      0.116      2.006      0.045       0.005       0.459
VIOL_LAG28    -0.0810      0.124     -0.654      0.513      -0.324       0.162
VIOL_LAG29     0.2457      0.116      2.123      0.034       0.019       0.472
VIOL_LAG3      0.3185      0.111      2.877      0.004       0.102       0.535
VIOL_LAG30     0.1057      0.119      0.885      0.376      -0.128       0.340
VIOL_LAG31     0.1504      0.118      1.274      0.203      -0.081       0.382
VIOL_LAG32     0.0373      0.122      0.306      0.760      -0.202       0.276
VIOL_LAG33     0.1380      0.119      1.157      0.247      -0.096       0.372
VIOL_LAG34     0.1954      0.119      1.645      0.100      -0.037       0.428
VIOL_LAG35     0.1380      0.120      1.155      0.248      -0.096       0.372
VIOL_LAG36     0.0895      0.121      0.741      0.459      -0.147       0.326
VIOL_LAG37     0.0682      0.122      0.559      0.576      -0.171       0.307
VIOL_LAG38    -0.1935      0.130     -1.487      0.137      -0.449       0.062
VIOL_LAG39     0.1484      0.121      1.225      0.221      -0.089       0.386
VIOL_LAG4      0.3248      0.110      2.955      0.003       0.109       0.540
VIOL_LAG40    -0.1260      0.128     -0.985      0.324      -0.377       0.125
VIOL_LAG41     0.1116      0.122      0.918      0.359      -0.127       0.350
VIOL_LAG42     0.2044      0.119      1.712      0.087      -0.030       0.438
VIOL_LAG43     0.1589      0.120      1.321      0.187      -0.077       0.395
VIOL_LAG44     0.0303      0.124      0.244      0.807      -0.213       0.274
VIOL_LAG45     0.0481      0.124      0.387      0.699      -0.196       0.292
VIOL_LAG46     0.2157      0.119      1.813      0.070      -0.018       0.449
VIOL_LAG47     0.3700      0.115      3.222      0.001       0.145       0.595
VIOL_LAG48     0.0585      0.123      0.475      0.635      -0.183       0.300
VIOL_LAG49     0.1347      0.121      1.110      0.267      -0.103       0.373
VIOL_LAG5      0.2292      0.112      2.040      0.041       0.009       0.449
VIOL_LAG50    -0.1096      0.130     -0.846      0.397      -0.364       0.144
VIOL_LAG51     0.0422      0.125      0.338      0.736      -0.203       0.287
VIOL_LAG52    -0.0749      0.128     -0.584      0.559      -0.326       0.176
VIOL_LAG53     0.2084      0.121      1.726      0.084      -0.028       0.445
VIOL_LAG54    -0.1117      0.130     -0.861      0.389      -0.366       0.143
VIOL_LAG55     0.2324      0.120      1.936      0.053      -0.003       0.468
VIOL_LAG56     0.0922      0.124      0.746      0.455      -0.150       0.334
VIOL_LAG57     0.0996      0.123      0.807      0.420      -0.142       0.342
VIOL_LAG58     0.2116      0.121      1.751      0.080      -0.025       0.448
VIOL_LAG59     0.0340      0.127      0.269      0.788      -0.214       0.282
VIOL_LAG6      0.3430      0.110      3.126      0.002       0.128       0.558
VIOL_LAG60     0.1673      0.122      1.375      0.169      -0.071       0.406
VIOL_LAG7      0.2708      0.111      2.434      0.015       0.053       0.489
VIOL_LAG8      0.1458      0.115      1.268      0.205      -0.080       0.371
VIOL_LAG9      0.1360      0.115      1.183      0.237      -0.089       0.361
VOL_LAG1    1.096e-07    7.7e-08      1.424      0.154   -4.12e-08     2.6e-07
VOL_LAG10  -4.186e-08   1.38e-07     -0.303      0.762   -3.13e-07    2.29e-07
VOL_LAG11   9.465e-08   9.26e-08      1.022      0.307   -8.68e-08    2.76e-07
VOL_LAG12   6.658e-08   1.09e-07      0.609      0.543   -1.48e-07    2.81e-07
VOL_LAG13   8.222e-08   9.68e-08      0.850      0.396   -1.07e-07    2.72e-07
VOL_LAG14   5.528e-08   1.15e-07      0.482      0.630   -1.69e-07     2.8e-07
VOL_LAG15   9.905e-09   1.25e-07      0.079      0.937   -2.34e-07    2.54e-07
VOL_LAG16   1.038e-07   1.08e-07      0.958      0.338   -1.09e-07    3.16e-07
VOL_LAG17  -1.712e-07   2.21e-07     -0.774      0.439   -6.05e-07    2.62e-07
VOL_LAG18  -3.161e-08   1.54e-07     -0.206      0.837   -3.33e-07    2.69e-07
VOL_LAG19   7.987e-08   1.19e-07      0.671      0.502   -1.54e-07    3.13e-07
VOL_LAG2    2.152e-07   6.94e-08      3.102      0.002    7.92e-08    3.51e-07
VOL_LAG20  -9.369e-09   1.44e-07     -0.065      0.948   -2.92e-07    2.73e-07
VOL_LAG21  -2.788e-08   1.66e-07     -0.168      0.867   -3.54e-07    2.98e-07
VOL_LAG22  -1.392e-07    2.1e-07     -0.665      0.506    -5.5e-07    2.71e-07
VOL_LAG23   1.254e-07   1.05e-07      1.197      0.231      -8e-08    3.31e-07
VOL_LAG24  -1.237e-08   1.51e-07     -0.082      0.935   -3.09e-07    2.84e-07
VOL_LAG25   5.386e-08   1.25e-07      0.430      0.667   -1.91e-07    2.99e-07
VOL_LAG26   1.806e-08   1.46e-07      0.124      0.901   -2.67e-07    3.03e-07
VOL_LAG27  -7.793e-08   1.97e-07     -0.395      0.693   -4.65e-07    3.09e-07
VOL_LAG28  -6.999e-08   1.88e-07     -0.372      0.710   -4.38e-07    2.98e-07
VOL_LAG29  -8.502e-08   1.92e-07     -0.442      0.658   -4.62e-07    2.92e-07
VOL_LAG3    1.013e-07   8.19e-08      1.237      0.216   -5.93e-08    2.62e-07
VOL_LAG30    1.39e-07   1.08e-07      1.293      0.196   -7.17e-08     3.5e-07
VOL_LAG31  -5.529e-08   1.89e-07     -0.293      0.770   -4.25e-07    3.15e-07
VOL_LAG32  -1.038e-07   2.19e-07     -0.473      0.636   -5.34e-07    3.26e-07
VOL_LAG33  -1.252e-07   2.38e-07     -0.527      0.598   -5.91e-07     3.4e-07
VOL_LAG34  -1.646e-07    2.5e-07     -0.658      0.511   -6.55e-07    3.26e-07
VOL_LAG35  -7.153e-08   2.09e-07     -0.342      0.732   -4.81e-07    3.38e-07
VOL_LAG36   8.173e-08   1.25e-07      0.654      0.513   -1.63e-07    3.27e-07
VOL_LAG37   -3.75e-08   1.81e-07     -0.207      0.836   -3.93e-07    3.18e-07
VOL_LAG38   1.073e-07   1.17e-07      0.918      0.359   -1.22e-07    3.36e-07
VOL_LAG39  -2.048e-07   2.87e-07     -0.714      0.475   -7.67e-07    3.57e-07
VOL_LAG4    3.904e-08   9.45e-08      0.413      0.679   -1.46e-07    2.24e-07
VOL_LAG40  -5.048e-08   1.96e-07     -0.257      0.797   -4.35e-07    3.34e-07
VOL_LAG41   1.169e-07   1.33e-07      0.876      0.381   -1.45e-07    3.79e-07
VOL_LAG42  -4.081e-07   3.57e-07     -1.144      0.253   -1.11e-06    2.91e-07
VOL_LAG43   1.804e-07   9.91e-08      1.821      0.069   -1.38e-08    3.75e-07
VOL_LAG44  -8.723e-08   2.46e-07     -0.354      0.723    -5.7e-07    3.96e-07
VOL_LAG45  -6.036e-07   4.11e-07     -1.467      0.142   -1.41e-06    2.03e-07
VOL_LAG46  -1.132e-07   2.13e-07     -0.531      0.596   -5.32e-07    3.05e-07
VOL_LAG47   1.201e-07   1.18e-07      1.017      0.309   -1.11e-07    3.52e-07
VOL_LAG48    1.06e-07    1.2e-07      0.884      0.377   -1.29e-07    3.41e-07
VOL_LAG49  -1.751e-07   2.61e-07     -0.670      0.503   -6.87e-07    3.37e-07
VOL_LAG5    3.106e-08   1.03e-07      0.301      0.763   -1.71e-07    2.33e-07
VOL_LAG50  -1.236e-07   2.15e-07     -0.576      0.565   -5.44e-07    2.97e-07
VOL_LAG51  -3.229e-08   1.74e-07     -0.186      0.853   -3.73e-07    3.09e-07
VOL_LAG52   1.042e-07   1.28e-07      0.815      0.415   -1.46e-07    3.55e-07
VOL_LAG53   -2.89e-07   3.09e-07     -0.936      0.349   -8.94e-07    3.16e-07
VOL_LAG54   8.014e-08   1.14e-07      0.703      0.482   -1.43e-07    3.04e-07
VOL_LAG55   2.583e-08   1.39e-07      0.185      0.853   -2.47e-07    2.99e-07
VOL_LAG56   4.453e-08   1.31e-07      0.339      0.735   -2.13e-07    3.02e-07
VOL_LAG57  -6.347e-08   1.86e-07     -0.342      0.732   -4.27e-07       3e-07
VOL_LAG58   -1.22e-07   2.17e-07     -0.562      0.574   -5.47e-07    3.03e-07
VOL_LAG59  -2.105e-07   2.59e-07     -0.813      0.416   -7.18e-07    2.97e-07
VOL_LAG6    5.676e-08   9.44e-08      0.601      0.548   -1.28e-07    2.42e-07
VOL_LAG60    1.24e-07   9.92e-08      1.249      0.212   -7.05e-08    3.18e-07
VOL_LAG7    2.014e-08   1.08e-07      0.187      0.851   -1.91e-07    2.31e-07
VOL_LAG8        2e-08   1.07e-07      0.186      0.852    -1.9e-07     2.3e-07
VOL_LAG9    8.938e-08   9.24e-08      0.967      0.333   -9.17e-08     2.7e-07
==============================================================================