                 Generalized Linear Model Regression Results                  
==============================================================================
Dep. Variable:                      Y   No. Observations:                15508
Model:                            GLM   Df Residuals:                    15387
Model Family:                Binomial   Df Model:                          120
Link Function:                  Logit   Scale:                          1.0000
Method:                          IRLS   Log-Likelihood:                -2834.6
Date:                Sun, 24 Mar 2024   Deviance:                       5669.3
Time:                        21:03:03   Pearson chi2:                 1.46e+04
No. Iterations:                     6   Pseudo R-squ. (CS):            0.05061
Covariance Type:            nonrobust                                         
==============================================================================
                 coef    std err          z      P>|z|      [0.025      0.975]
------------------------------------------------------------------------------
Intercept     -3.7838      0.061    -62.527      0.000      -3.902      -3.665
RET_LAG1     115.4638     35.913      3.215      0.001      45.076     185.851
RET_LAG10     40.6775     35.158      1.157      0.247     -28.231     109.586
RET_LAG11     -4.9169     36.023     -0.136      0.891     -75.522      65.688
RET_LAG12     15.7181     36.477      0.431      0.667     -55.776      87.212
RET_LAG13     59.5487     35.194      1.692      0.091      -9.431     128.528
RET_LAG14     33.1589     35.893      0.924      0.356     -37.190     103.507
RET_LAG15     31.6895     36.334      0.872      0.383     -39.523     102.902
RET_LAG16     72.3918     35.052      2.065      0.039       3.691     141.092
RET_LAG17     53.2549     35.372      1.506      0.132     -16.073     122.583
RET_LAG18     33.7269     34.882      0.967      0.334     -34.641     102.095
RET_LAG19      8.5645     35.583      0.241      0.810     -61.177      78.306
RET_LAG2      42.2168     37.675      1.121      0.262     -31.626     116.059
RET_LAG20     53.6021     34.616      1.548      0.122     -14.243     121.447
RET_LAG21     -6.7849     36.328     -0.187      0.852     -77.987      64.417
RET_LAG22     -8.6002     35.829     -0.240      0.810     -78.824      61.624
RET_LAG23     96.1719     34.469      2.790      0.005      28.613     163.731
RET_LAG24     -3.2755     35.773     -0.092      0.927     -73.390      66.839
RET_LAG25      8.6976     35.679      0.244      0.807     -61.232      78.627
RET_LAG26    -34.7175     36.590     -0.949      0.343    -106.433      36.998
RET_LAG27     57.8820     34.761      1.665      0.096     -10.249     126.013
RET_LAG28      1.0717     36.210      0.030      0.976     -69.898      72.041
RET_LAG29     34.1762     36.622      0.933      0.351     -37.601     105.953
RET_LAG3      60.4169     37.205      1.624      0.104     -12.504     133.337
RET_LAG30     48.4034     35.330      1.370      0.171     -20.842     117.649
RET_LAG31     62.3537     35.943      1.735      0.083      -8.093     132.801
RET_LAG32      7.1083     36.457      0.195      0.845     -64.345      78.562
RET_LAG33     60.4826     35.500      1.704      0.088      -9.096     130.061
RET_LAG34   -101.4326     39.151     -2.591      0.010    -178.167     -24.698
RET_LAG35      0.0809     37.251      0.002      0.998     -72.929      73.091
RET_LAG36     61.7184     35.742      1.727      0.084      -8.335     131.771
RET_LAG37    -13.3169     37.207     -0.358      0.720     -86.240      59.607
RET_LAG38    100.8102     34.764      2.900      0.004      32.674     168.946
RET_LAG39     36.7357     35.393      1.038      0.299     -32.634     106.105
RET_LAG4      91.9535     36.163      2.543      0.011      21.075     162.832
RET_LAG40    -22.6402     36.804     -0.615      0.538     -94.775      49.494
RET_LAG41     17.9855     36.700      0.490      0.624     -53.945      89.916
RET_LAG42    -21.4445     37.348     -0.574      0.566     -94.645      51.756
RET_LAG43     23.3139     36.902      0.632      0.528     -49.012      95.640
RET_LAG44    -29.9038     38.493     -0.777      0.437    -105.349      45.541
RET_LAG45    -27.5897     37.778     -0.730      0.465    -101.633      46.453
RET_LAG46     -9.4379     38.213     -0.247      0.805     -84.335      65.459
RET_LAG47    -40.2923     39.015     -1.033      0.302    -116.761      36.176
RET_LAG48    -14.4263     38.181     -0.378      0.706     -89.261      60.408
RET_LAG49     52.4695     38.067      1.378      0.168     -22.141     127.080
RET_LAG5      93.1027     35.764      2.603      0.009      23.007     163.198
RET_LAG50    -64.4892     39.794     -1.621      0.105    -142.484      13.506
RET_LAG51     34.7133     37.716      0.920      0.357     -39.209     108.636
RET_LAG52      8.7560     37.859      0.231      0.817     -65.447      82.959
RET_LAG53    -35.5502     38.890     -0.914      0.361    -111.773      40.673
RET_LAG54     52.4159     37.030      1.415      0.157     -20.162     124.993
RET_LAG55     19.9127     36.859      0.540      0.589     -52.329      92.155
RET_LAG56    -16.2077     39.023     -0.415      0.678     -92.692      60.277
RET_LAG57     31.9045     37.646      0.847      0.397     -41.880     105.689
RET_LAG58     31.6168     37.395      0.845      0.398     -41.676     104.910
RET_LAG59     -2.4482     38.258     -0.064      0.949     -77.432      72.535
RET_LAG6      33.0379     36.797      0.898      0.369     -39.082     105.158
RET_LAG60    137.8942     35.891      3.842      0.000      67.549     208.240
RET_LAG7      28.8271     36.519      0.789      0.430     -42.749     100.403
RET_LAG8     130.6561     34.240      3.816      0.000      63.547     197.765
RET_LAG9      52.7268     34.932      1.509      0.131     -15.738     121.191
VIOL_LAG1      0.9811      0.147      6.675      0.000       0.693       1.269
VIOL_LAG10     0.3004      0.160      1.882      0.060      -0.012       0.613
VIOL_LAG11    -0.1115      0.169     -0.660      0.509      -0.443       0.220
VIOL_LAG12     0.1759      0.164      1.072      0.284      -0.146       0.497
VIOL_LAG13     0.2590      0.163      1.593      0.111      -0.060       0.578
VIOL_LAG14     0.2655      0.162      1.635      0.102      -0.053       0.584
VIOL_LAG15     0.1847      0.165      1.122      0.262      -0.138       0.507
VIOL_LAG16     0.2669      0.163      1.633      0.102      -0.053       0.587
VIOL_LAG17     0.4802      0.159      3.027      0.002       0.169       0.791
VIOL_LAG18     0.4100      0.158      2.597      0.009       0.101       0.720
VIOL_LAG19     0.1380      0.164      0.842      0.400      -0.183       0.459
VIOL_LAG2      0.5272      0.156      3.386      0.001       0.222       0.832
VIOL_LAG20     0.4401      0.158      2.787      0.005       0.131       0.750
VIOL_LAG21     0.0083      0.168      0.050      0.960      -0.321       0.338
VIOL_LAG22    -0.1246      0.170     -0.731      0.465      -0.459       0.209
VIOL_LAG23     0.1664      0.168      0.990      0.322      -0.163       0.496
VIOL_LAG24    -0.0928      0.171     -0.543      0.587      -0.428       0.242
VIOL_LAG25    -0.0823      0.173     -0.475      0.635      -0.422       0.257
VIOL_LAG26    -0.0708      0.173     -0.410      0.682      -0.409       0.267
VIOL_LAG27     0.0707      0.171      0.414      0.679      -0.264       0.405
VIOL_LAG28     0.0235      0.172      0.136      0.891      -0.314       0.361
VIOL_LAG29     0.3414      0.165      2.065      0.039       0.017       0.665
VIOL_LAG3      0.7339      0.151      4.867      0.000       0.438       1.029
VIOL_LAG30     0.1055      0.171      0.617      0.537      -0.230       0.441
VIOL_LAG31     0.3855      0.165      2.342      0.019       0.063       0.708
VIOL_LAG32     0.2064      0.166      1.244      0.213      -0.119       0.531
VIOL_LAG33     0.1883      0.169      1.111      0.266      -0.144       0.520
VIOL_LAG34    -0.4176      0.181     -2.304      0.021      -0.773      -0.062
VIOL_LAG35    -0.0726      0.175     -0.415      0.678      -0.415       0.270
VIOL_LAG36     0.3164      0.167      1.892      0.059      -0.011       0.644
VIOL_LAG37     0.0693      0.170      0.407      0.684      -0.264       0.403
VIOL_LAG38     0.5073      0.162      3.126      0.002       0.189       0.825
VIOL_LAG39     0.1174      0.169      0.693      0.488      -0.215       0.449
VIOL_LAG4      0.6158      0.154      4.003      0.000       0.314       0.917
VIOL_LAG40    -0.4644      0.188     -2.466      0.014      -0.833      -0.095
VIOL_LAG41     0.4643      0.162      2.861      0.004       0.146       0.782
VIOL_LAG42     0.0089      0.174      0.051      0.959      -0.332       0.350
VIOL_LAG43    -0.2117      0.186     -1.137      0.255      -0.576       0.153
VIOL_LAG44     0.0897      0.172      0.521      0.602      -0.248       0.427
VIOL_LAG45    -0.0419      0.176     -0.238      0.812      -0.387       0.303
VIOL_LAG46     0.0262      0.176      0.149      0.882      -0.319       0.372
VIOL_LAG47    -0.2008      0.182     -1.104      0.270      -0.557       0.156
VIOL_LAG48    -0.0678      0.179     -0.378      0.705      -0.419       0.283
VIOL_LAG49     0.0627      0.180      0.348      0.728      -0.290       0.415
VIOL_LAG5      0.6029      0.154      3.911      0.000       0.301       0.905
VIOL_LAG50     0.0366      0.175      0.210      0.834      -0.306       0.379
VIOL_LAG51     0.2138      0.173      1.234      0.217      -0.126       0.553
VIOL_LAG52     0.1443      0.175      0.824      0.410      -0.199       0.487
VIOL_LAG53    -0.0818      0.179     -0.456      0.648      -0.433       0.269
VIOL_LAG54     0.1183      0.177      0.667      0.505      -0.229       0.466
VIOL_LAG55     0.0334      0.177      0.189      0.850      -0.313       0.380
VIOL_LAG56    -0.0281      0.179     -0.157      0.875      -0.379       0.323
VIOL_LAG57     0.1186      0.177      0.669      0.503      -0.229       0.466
VIOL_LAG58     0.0234      0.181      0.129      0.897      -0.331       0.377
VIOL_LAG59     0.2387      0.171      1.398      0.162      -0.096       0.573
VIOL_LAG6      0.3998      0.157      2.551      0.011       0.093       0.707
VIOL_LAG60     0.2811      0.176      1.593      0.111      -0.065       0.627
VIOL_LAG7      0.4371      0.157      2.793      0.005       0.130       0.744
VIOL_LAG8      0.3944      0.160      2.462      0.014       0.080       0.708
VIOL_LAG9      0.4225      0.156      2.715      0.007       0.118       0.727
==============================================================================