                 Generalized Linear Model Regression Results                  
==============================================================================
Dep. Variable:                      Y   No. Observations:                15508
Model:                            GLM   Df Residuals:                    15327
Model Family:                Binomial   Df Model:                          180
Link Function:                  Logit   Scale:                          1.0000
Method:                          IRLS   Log-Likelihood:                -2830.2
Date:                Sun, 17 Mar 2024   Deviance:                       5660.4
Time:                        19:24:53   Pearson chi2:                 1.44e+04
No. Iterations:                     7   Pseudo R-squ. (CS):            0.05115
Covariance Type:            nonrobust                                         
==============================================================================
                 coef    std err          z      P>|z|      [0.025      0.975]
------------------------------------------------------------------------------
Intercept     -3.6263      0.065    -55.744      0.000      -3.754      -3.499
VIOL_LAG1      0.6517      0.116      5.618      0.000       0.424       0.879
VIOL_LAG10     0.2073      0.129      1.613      0.107      -0.045       0.459
VIOL_LAG11    -0.0409      0.137     -0.298      0.765      -0.310       0.228
VIOL_LAG12     0.1648      0.130      1.267      0.205      -0.090       0.420
VIOL_LAG13     0.0927      0.132      0.703      0.482      -0.166       0.351
VIOL_LAG14     0.1924      0.131      1.472      0.141      -0.064       0.448
VIOL_LAG15     0.1463      0.132      1.110      0.267      -0.112       0.405
VIOL_LAG16     0.1162      0.134      0.871      0.384      -0.145       0.378
VIOL_LAG17     0.3325      0.127      2.613      0.009       0.083       0.582
VIOL_LAG18     0.3713      0.127      2.922      0.003       0.122       0.620
VIOL_LAG19     0.1525      0.132      1.153      0.249      -0.107       0.412
VIOL_LAG2      0.4218      0.122      3.455      0.001       0.183       0.661
VIOL_LAG20     0.3119      0.129      2.421      0.015       0.059       0.564
VIOL_LAG21     0.0536      0.135      0.397      0.691      -0.211       0.319
VIOL_LAG22    -0.0585      0.140     -0.419      0.675      -0.332       0.215
VIOL_LAG23    -0.1116      0.142     -0.784      0.433      -0.391       0.167
VIOL_LAG24    -0.0879      0.142     -0.620      0.535      -0.366       0.190
VIOL_LAG25    -0.0801      0.143     -0.559      0.576      -0.361       0.201
VIOL_LAG26     0.0305      0.140      0.218      0.827      -0.243       0.304
VIOL_LAG27    -0.0625      0.143     -0.438      0.661      -0.342       0.217
VIOL_LAG28     0.1252      0.141      0.889      0.374      -0.151       0.401
VIOL_LAG29     0.3183      0.133      2.390      0.017       0.057       0.579
VIOL_LAG3      0.5985      0.118      5.092      0.000       0.368       0.829
VIOL_LAG30    -0.0092      0.142     -0.065      0.948      -0.287       0.269
VIOL_LAG31     0.2615      0.135      1.943      0.052      -0.002       0.525
VIOL_LAG32     0.2569      0.134      1.916      0.055      -0.006       0.520
VIOL_LAG33     0.1002      0.139      0.720      0.472      -0.173       0.373
VIOL_LAG34    -0.0770      0.145     -0.529      0.596      -0.362       0.208
VIOL_LAG35    -0.0483      0.143     -0.338      0.735      -0.328       0.232
VIOL_LAG36     0.2257      0.137      1.651      0.099      -0.042       0.494
VIOL_LAG37     0.1996      0.138      1.449      0.147      -0.070       0.470
VIOL_LAG38     0.2812      0.135      2.090      0.037       0.017       0.545
VIOL_LAG39     0.0805      0.140      0.573      0.566      -0.195       0.356
VIOL_LAG4      0.3191      0.124      2.576      0.010       0.076       0.562
VIOL_LAG40    -0.3903      0.158     -2.474      0.013      -0.699      -0.081
VIOL_LAG41     0.5054      0.130      3.877      0.000       0.250       0.761
VIOL_LAG42     0.1258      0.142      0.885      0.376      -0.153       0.404
VIOL_LAG43    -0.2627      0.154     -1.703      0.089      -0.565       0.040
VIOL_LAG44     0.2268      0.138      1.646      0.100      -0.043       0.497
VIOL_LAG45     0.0992      0.143      0.695      0.487      -0.181       0.379
VIOL_LAG46     0.0904      0.142      0.635      0.525      -0.189       0.369
VIOL_LAG47    -0.0658      0.147     -0.447      0.655      -0.354       0.223
VIOL_LAG48     0.0036      0.146      0.025      0.980      -0.282       0.290
VIOL_LAG49    -0.1098      0.149     -0.737      0.461      -0.402       0.182
VIOL_LAG5      0.3509      0.124      2.838      0.005       0.109       0.593
VIOL_LAG50     0.2778      0.137      2.021      0.043       0.008       0.547
VIOL_LAG51     0.1482      0.141      1.050      0.294      -0.128       0.425
VIOL_LAG52     0.1909      0.142      1.345      0.179      -0.087       0.469
VIOL_LAG53     0.0752      0.144      0.523      0.601      -0.207       0.357
VIOL_LAG54    -0.0213      0.148     -0.144      0.886      -0.311       0.269
VIOL_LAG55     0.0354      0.147      0.241      0.809      -0.252       0.323
VIOL_LAG56     0.0545      0.145      0.376      0.707      -0.230       0.339
VIOL_LAG57     0.0806      0.147      0.548      0.584      -0.208       0.369
VIOL_LAG58     0.0283      0.149      0.190      0.849      -0.263       0.320
VIOL_LAG59     0.2985      0.139      2.147      0.032       0.026       0.571
VIOL_LAG6      0.3200      0.125      2.569      0.010       0.076       0.564
VIOL_LAG60    -0.1110      0.154     -0.722      0.470      -0.412       0.190
VIOL_LAG61     0.1281      0.148      0.866      0.386      -0.162       0.418
VIOL_LAG62     0.0084      0.151      0.056      0.956      -0.287       0.304
VIOL_LAG63     0.2651      0.144      1.845      0.065      -0.017       0.547
VIOL_LAG64     0.0672      0.148      0.455      0.649      -0.222       0.357
VIOL_LAG65     0.0663      0.149      0.444      0.657      -0.226       0.359
VIOL_LAG66     0.0985      0.148      0.667      0.505      -0.191       0.388
VIOL_LAG67     0.1661      0.144      1.152      0.249      -0.117       0.449
VIOL_LAG68     0.2128      0.144      1.479      0.139      -0.069       0.495
VIOL_LAG69     0.1064      0.149      0.715      0.475      -0.185       0.398
VIOL_LAG7      0.3509      0.124      2.827      0.005       0.108       0.594
VIOL_LAG70    -0.1506      0.157     -0.962      0.336      -0.458       0.156
VIOL_LAG71     0.0910      0.151      0.602      0.547      -0.205       0.387
VIOL_LAG72     0.0844      0.152      0.556      0.578      -0.213       0.382
VIOL_LAG73     0.0252      0.152      0.166      0.868      -0.273       0.324
VIOL_LAG74     0.0260      0.153      0.170      0.865      -0.274       0.326
VIOL_LAG75     0.0559      0.154      0.363      0.717      -0.246       0.358
VIOL_LAG76     0.1579      0.149      1.058      0.290      -0.135       0.450
VIOL_LAG77     0.1260      0.152      0.831      0.406      -0.171       0.423
VIOL_LAG78    -0.0568      0.162     -0.350      0.727      -0.375       0.261
VIOL_LAG79    -0.1157      0.161     -0.718      0.473      -0.432       0.200
VIOL_LAG8      0.0295      0.133      0.222      0.824      -0.231       0.289
VIOL_LAG80    -0.0096      0.158     -0.061      0.951      -0.319       0.300
VIOL_LAG81     0.1772      0.153      1.160      0.246      -0.122       0.477
VIOL_LAG82     0.0401      0.159      0.251      0.802      -0.272       0.352
VIOL_LAG83     0.1341      0.152      0.882      0.378      -0.164       0.432
VIOL_LAG84     0.2549      0.151      1.692      0.091      -0.040       0.550
VIOL_LAG85     0.1845      0.154      1.198      0.231      -0.117       0.486
VIOL_LAG86    -0.3170      0.174     -1.818      0.069      -0.659       0.025
VIOL_LAG87    -0.2765      0.173     -1.595      0.111      -0.616       0.063
VIOL_LAG88     0.0307      0.161      0.191      0.848      -0.284       0.345
VIOL_LAG89    -0.0347      0.163     -0.213      0.831      -0.354       0.285
VIOL_LAG9      0.2465      0.126      1.956      0.050      -0.001       0.494
VIOL_LAG90     0.3525      0.148      2.380      0.017       0.062       0.643
VOL_LAG1    4.198e-07   8.55e-08      4.910      0.000    2.52e-07    5.87e-07
VOL_LAG10    2.64e-07   1.13e-07      2.345      0.019    4.34e-08    4.85e-07
VOL_LAG11  -2.491e-07   2.58e-07     -0.967      0.333   -7.54e-07    2.56e-07
VOL_LAG12   8.058e-08   1.61e-07      0.501      0.617   -2.35e-07    3.96e-07
VOL_LAG13   1.702e-07   1.44e-07      1.179      0.238   -1.13e-07    4.53e-07
VOL_LAG14  -1.197e-07   2.37e-07     -0.504      0.614   -5.85e-07    3.46e-07
VOL_LAG15   7.594e-08   1.78e-07      0.428      0.669   -2.72e-07    4.24e-07
VOL_LAG16  -1.594e-07   2.61e-07     -0.612      0.541    -6.7e-07    3.51e-07
VOL_LAG17  -1.091e-07   2.55e-07     -0.428      0.669   -6.09e-07    3.91e-07
VOL_LAG18   -1.92e-07   2.72e-07     -0.705      0.481   -7.26e-07    3.42e-07
VOL_LAG19   3.563e-08   1.58e-07      0.225      0.822   -2.74e-07    3.46e-07
VOL_LAG2    1.422e-07   1.09e-07      1.304      0.192   -7.15e-08    3.56e-07
VOL_LAG20   2.752e-08   1.98e-07      0.139      0.889   -3.61e-07    4.16e-07
VOL_LAG21   1.797e-09   1.92e-07      0.009      0.993   -3.74e-07    3.77e-07
VOL_LAG22  -4.889e-08   2.01e-07     -0.243      0.808   -4.43e-07    3.45e-07
VOL_LAG23    1.13e-07   1.51e-07      0.749      0.454   -1.83e-07    4.09e-07
VOL_LAG24   1.628e-07   1.48e-07      1.102      0.270   -1.27e-07    4.52e-07
VOL_LAG25  -8.927e-08   2.25e-07     -0.397      0.691    -5.3e-07    3.51e-07
VOL_LAG26   2.255e-07   1.33e-07      1.697      0.090    -3.5e-08    4.86e-07
VOL_LAG27   9.994e-08   1.78e-07      0.561      0.575   -2.49e-07    4.49e-07
VOL_LAG28  -4.642e-07   3.62e-07     -1.283      0.199   -1.17e-06    2.45e-07
VOL_LAG29  -2.169e-07   2.91e-07     -0.745      0.456   -7.87e-07    3.54e-07
VOL_LAG3    6.736e-08   1.36e-07      0.494      0.621      -2e-07    3.35e-07
VOL_LAG30    1.73e-07   1.58e-07      1.098      0.272   -1.36e-07    4.82e-07
VOL_LAG31  -2.767e-08   2.26e-07     -0.123      0.902    -4.7e-07    4.15e-07
VOL_LAG32  -6.089e-08   2.38e-07     -0.255      0.798   -5.28e-07    4.06e-07
VOL_LAG33   3.331e-08   2.08e-07      0.160      0.873   -3.75e-07    4.41e-07
VOL_LAG34  -8.865e-08   2.46e-07     -0.361      0.718    -5.7e-07    3.93e-07
VOL_LAG35   1.147e-07   1.85e-07      0.619      0.536   -2.48e-07    4.78e-07
VOL_LAG36  -9.581e-08   2.45e-07     -0.391      0.696   -5.76e-07    3.84e-07
VOL_LAG37   2.544e-07   1.47e-07      1.732      0.083   -3.35e-08    5.42e-07
VOL_LAG38  -5.541e-07   3.73e-07     -1.484      0.138   -1.29e-06    1.78e-07
VOL_LAG39   1.471e-07   1.62e-07      0.908      0.364    -1.7e-07    4.64e-07
VOL_LAG4    2.554e-07    9.7e-08      2.632      0.008    6.52e-08    4.46e-07
VOL_LAG40  -1.219e-07   2.76e-07     -0.442      0.658   -6.62e-07    4.18e-07
VOL_LAG41   7.008e-08   1.95e-07      0.360      0.719   -3.12e-07    4.52e-07
VOL_LAG42  -2.632e-07   3.08e-07     -0.855      0.392   -8.66e-07     3.4e-07
VOL_LAG43  -4.913e-08    2.3e-07     -0.213      0.831   -5.01e-07    4.03e-07
VOL_LAG44    1.99e-08   2.03e-07      0.098      0.922   -3.78e-07    4.18e-07
VOL_LAG45   2.463e-08    1.8e-07      0.136      0.891   -3.29e-07    3.78e-07
VOL_LAG46   4.944e-08   1.92e-07      0.258      0.797   -3.26e-07    4.25e-07
VOL_LAG47   4.981e-08   2.15e-07      0.232      0.817   -3.71e-07    4.71e-07
VOL_LAG48  -4.645e-08   2.25e-07     -0.207      0.836   -4.87e-07    3.94e-07
VOL_LAG49   1.119e-07   1.82e-07      0.613      0.540   -2.46e-07     4.7e-07
VOL_LAG5    2.334e-07   9.99e-08      2.336      0.019    3.76e-08    4.29e-07
VOL_LAG50  -1.147e-07   2.64e-07     -0.434      0.664   -6.32e-07    4.03e-07
VOL_LAG51   5.113e-08   1.94e-07      0.264      0.792   -3.28e-07    4.31e-07
VOL_LAG52    -1.6e-07   2.92e-07     -0.549      0.583   -7.32e-07    4.12e-07
VOL_LAG53   8.118e-08   1.98e-07      0.410      0.682   -3.07e-07    4.69e-07
VOL_LAG54   -1.26e-07   2.67e-07     -0.472      0.637   -6.49e-07    3.97e-07
VOL_LAG55   2.824e-08   1.94e-07      0.145      0.884   -3.53e-07    4.09e-07
VOL_LAG56   1.513e-07    1.7e-07      0.890      0.373   -1.82e-07    4.84e-07
VOL_LAG57  -5.544e-08   2.52e-07     -0.220      0.826   -5.49e-07    4.38e-07
VOL_LAG58   8.254e-08   1.88e-07      0.440      0.660   -2.85e-07     4.5e-07
VOL_LAG59  -3.712e-08   2.31e-07     -0.161      0.872   -4.89e-07    4.15e-07
VOL_LAG6    1.289e-07   1.23e-07      1.049      0.294   -1.12e-07     3.7e-07
VOL_LAG60   2.657e-07   1.26e-07      2.100      0.036    1.77e-08    5.14e-07
VOL_LAG61   2.437e-07   1.64e-07      1.488      0.137   -7.74e-08    5.65e-07
VOL_LAG62  -5.897e-07   4.34e-07     -1.360      0.174   -1.44e-06     2.6e-07
VOL_LAG63  -1.429e-07    3.1e-07     -0.462      0.644    -7.5e-07    4.64e-07
VOL_LAG64   -2.58e-08   2.65e-07     -0.097      0.922   -5.45e-07    4.93e-07
VOL_LAG65  -2.842e-07   3.27e-07     -0.870      0.385   -9.25e-07    3.56e-07
VOL_LAG66   9.131e-08   2.02e-07      0.453      0.651   -3.04e-07    4.86e-07
VOL_LAG67   3.726e-08   2.15e-07      0.174      0.862   -3.84e-07    4.58e-07
VOL_LAG68   1.028e-07   2.05e-07      0.501      0.616   -2.99e-07    5.05e-07
VOL_LAG69  -2.432e-07   3.41e-07     -0.713      0.476   -9.12e-07    4.26e-07
VOL_LAG7    2.001e-07   1.14e-07      1.760      0.078   -2.27e-08    4.23e-07
VOL_LAG70   2.476e-08   2.75e-07      0.090      0.928   -5.15e-07    5.64e-07
VOL_LAG71  -8.178e-07   5.09e-07     -1.605      0.108   -1.82e-06    1.81e-07
VOL_LAG72   4.825e-08   2.23e-07      0.216      0.829   -3.89e-07    4.85e-07
VOL_LAG73   9.538e-08   2.04e-07      0.467      0.640   -3.05e-07    4.95e-07
VOL_LAG74   4.126e-08   2.09e-07      0.197      0.844   -3.69e-07    4.51e-07
VOL_LAG75   1.498e-08   2.17e-07      0.069      0.945   -4.11e-07    4.41e-07
VOL_LAG76   1.043e-07   1.78e-07      0.585      0.558   -2.45e-07    4.53e-07
VOL_LAG77   1.248e-07   2.39e-07      0.521      0.602   -3.45e-07    5.94e-07
VOL_LAG78  -8.881e-07   5.44e-07     -1.633      0.103   -1.95e-06    1.78e-07
VOL_LAG79  -2.319e-07   3.67e-07     -0.631      0.528   -9.52e-07    4.88e-07
VOL_LAG8     9.58e-08   1.37e-07      0.701      0.483   -1.72e-07    3.64e-07
VOL_LAG80   2.207e-07    1.7e-07      1.301      0.193   -1.12e-07    5.53e-07
VOL_LAG81  -2.071e-07   3.58e-07     -0.578      0.563   -9.09e-07    4.95e-07
VOL_LAG82  -4.081e-07   4.27e-07     -0.955      0.339   -1.25e-06    4.29e-07
VOL_LAG83   1.292e-07   1.64e-07      0.786      0.432   -1.93e-07    4.52e-07
VOL_LAG84   3.217e-07   1.23e-07      2.619      0.009     8.1e-08    5.62e-07
VOL_LAG85  -2.171e-07   3.18e-07     -0.682      0.495   -8.41e-07    4.07e-07
VOL_LAG86   1.265e-07   1.86e-07      0.681      0.496   -2.38e-07    4.91e-07
VOL_LAG87  -1.853e-07   3.58e-07     -0.518      0.605   -8.87e-07    5.16e-07
VOL_LAG88  -3.594e-07   4.32e-07     -0.831      0.406   -1.21e-06    4.88e-07
VOL_LAG89   1.357e-07   1.84e-07      0.737      0.461   -2.25e-07    4.97e-07
VOL_LAG9    1.632e-07   1.23e-07      1.329      0.184   -7.74e-08    4.04e-07
VOL_LAG90  -2.372e-07   3.29e-07     -0.722      0.471   -8.81e-07    4.07e-07
==============================================================================