                 Generalized Linear Model Regression Results                  
==============================================================================
Dep. Variable:                      Y   No. Observations:                15172
Model:                            GLM   Df Residuals:                    14991
Model Family:                Binomial   Df Model:                          180
Link Function:                  Logit   Scale:                          1.0000
Method:                          IRLS   Log-Likelihood:                -3421.2
Date:                Sun, 24 Mar 2024   Deviance:                       6842.4
Time:                        20:54:31   Pearson chi2:                 1.51e+04
No. Iterations:                     8   Pseudo R-squ. (CS):            0.02472
Covariance Type:            nonrobust                                         
==============================================================================
                 coef    std err          z      P>|z|      [0.025      0.975]
------------------------------------------------------------------------------
Intercept     -2.9564      0.052    -56.677      0.000      -3.059      -2.854
RET_LAG1     121.0161     42.092      2.875      0.004      38.518     203.514
RET_LAG10     -8.3868     42.778     -0.196      0.845     -92.230      75.456
RET_LAG11    -12.8223     42.623     -0.301      0.764     -96.362      70.718
RET_LAG12    -39.9359     42.388     -0.942      0.346    -123.016      43.144
RET_LAG13    -37.3052     41.676     -0.895      0.371    -118.988      44.378
RET_LAG14     16.9769     42.268      0.402      0.688     -65.867      99.821
RET_LAG15    -96.7812     42.539     -2.275      0.023    -180.155     -13.407
RET_LAG16    -34.1666     42.190     -0.810      0.418    -116.857      48.524
RET_LAG17    -66.0939     41.747     -1.583      0.113    -147.917      15.730
RET_LAG18     13.9271     42.232      0.330      0.742     -68.846      96.700
RET_LAG19     47.5626     42.195      1.127      0.260     -35.138     130.263
RET_LAG2     -80.1972     43.088     -1.861      0.063    -164.648       4.254
RET_LAG20    -82.7663     42.527     -1.946      0.052    -166.118       0.585
RET_LAG21    -10.2749     42.082     -0.244      0.807     -92.753      72.204
RET_LAG22    -50.8252     42.305     -1.201      0.230    -133.741      32.090
RET_LAG23     33.9678     41.716      0.814      0.415     -47.793     115.729
RET_LAG24     24.9301     42.782      0.583      0.560     -58.922     108.782
RET_LAG25      8.3921     42.656      0.197      0.844     -75.213      91.997
RET_LAG26     -4.4741     43.039     -0.104      0.917     -88.830      79.882
RET_LAG27    -63.5211     42.429     -1.497      0.134    -146.680      19.638
RET_LAG28     62.5505     42.673      1.466      0.143     -21.088     146.189
RET_LAG29    -45.0602     42.653     -1.056      0.291    -128.658      38.537
RET_LAG3      35.8716     42.197      0.850      0.395     -46.833     118.576
RET_LAG30      6.9455     41.991      0.165      0.869     -75.356      89.247
RET_LAG31     14.4688     42.470      0.341      0.733     -68.770      97.708
RET_LAG32     -5.8402     42.533     -0.137      0.891     -89.202      77.522
RET_LAG33    -30.3303     42.543     -0.713      0.476    -113.713      53.053
RET_LAG34    -62.6863     42.704     -1.468      0.142    -146.385      21.013
RET_LAG35    -60.3225     42.120     -1.432      0.152    -142.876      22.231
RET_LAG36      0.5592     41.789      0.013      0.989     -81.345      82.464
RET_LAG37    -35.3240     41.682     -0.847      0.397    -117.020      46.372
RET_LAG38    110.9047     41.636      2.664      0.008      29.301     192.509
RET_LAG39    -40.7992     42.670     -0.956      0.339    -124.431      42.833
RET_LAG4      72.2348     43.150      1.674      0.094     -12.338     156.808
RET_LAG40     54.2827     41.778      1.299      0.194     -27.601     136.166
RET_LAG41    -66.0373     42.767     -1.544      0.123    -149.859      17.784
RET_LAG42     -9.2561     42.731     -0.217      0.829     -93.007      74.495
RET_LAG43     10.1237     42.729      0.237      0.813     -73.624      93.871
RET_LAG44    -52.3388     43.030     -1.216      0.224    -136.676      31.999
RET_LAG45    -15.9048     42.934     -0.370      0.711    -100.054      68.245
RET_LAG46     15.1219     43.213      0.350      0.726     -69.574      99.818
RET_LAG47    -22.7579     43.383     -0.525      0.600    -107.787      62.271
RET_LAG48     14.2797     42.360      0.337      0.736     -68.744      97.304
RET_LAG49     72.3137     43.659      1.656      0.098     -13.257     157.884
RET_LAG5       7.5017     43.324      0.173      0.863     -77.411      92.415
RET_LAG50     21.5099     43.795      0.491      0.623     -64.326     107.346
RET_LAG51     83.3507     42.820      1.947      0.052      -0.574     167.275
RET_LAG52     22.3915     44.161      0.507      0.612     -64.163     108.946
RET_LAG53    -22.2499     42.658     -0.522      0.602    -105.858      61.358
RET_LAG54     79.1447     43.316      1.827      0.068      -5.752     164.042
RET_LAG55    -17.6884     44.121     -0.401      0.688    -104.163      68.786
RET_LAG56    -42.2841     43.316     -0.976      0.329    -127.183      42.614
RET_LAG57     63.3988     43.610      1.454      0.146     -22.075     148.872
RET_LAG58    -45.2082     44.211     -1.023      0.307    -131.860      41.443
RET_LAG59    -24.2547     42.981     -0.564      0.573    -108.496      59.987
RET_LAG6      15.1709     42.320      0.358      0.720     -67.776      98.117
RET_LAG60     32.2742     44.082      0.732      0.464     -54.126     118.674
RET_LAG61     -5.1693     44.290     -0.117      0.907     -91.976      81.637
RET_LAG62    -53.9995     43.514     -1.241      0.215    -139.286      31.287
RET_LAG63   -141.7154     43.924     -3.226      0.001    -227.806     -55.625
RET_LAG64    -59.3084     43.228     -1.372      0.170    -144.034      25.417
RET_LAG65     29.0246     43.674      0.665      0.506     -56.575     114.624
RET_LAG66     18.5285     43.832      0.423      0.673     -67.381     104.438
RET_LAG67     42.9171     43.679      0.983      0.326     -42.692     128.526
RET_LAG68    124.1152     45.749      2.713      0.007      34.449     213.782
RET_LAG69    -48.0302     45.878     -1.047      0.295    -137.950      41.890
RET_LAG7    -100.3106     43.182     -2.323      0.020    -184.946     -15.676
RET_LAG70    -50.4781     44.633     -1.131      0.258    -137.958      37.002
RET_LAG71    -19.8909     45.683     -0.435      0.663    -109.429      69.647
RET_LAG72     46.7311     45.601      1.025      0.305     -42.644     136.107
RET_LAG73    -77.6307     44.847     -1.731      0.083    -165.529      10.268
RET_LAG74      9.0259     45.243      0.199      0.842     -79.649      97.701
RET_LAG75    -70.6868     47.104     -1.501      0.133    -163.009      21.635
RET_LAG76     -8.2747     46.082     -0.180      0.857     -98.595      82.045
RET_LAG77    -54.3142     45.997     -1.181      0.238    -144.467      35.839
RET_LAG78    -23.6404     46.419     -0.509      0.611    -114.619      67.338
RET_LAG79    -11.6914     46.399     -0.252      0.801    -102.631      79.249
RET_LAG8     -21.8532     42.300     -0.517      0.605    -104.760      61.054
RET_LAG80    -19.3394     45.931     -0.421      0.674    -109.363      70.685
RET_LAG81    -38.7279     45.341     -0.854      0.393    -127.595      50.140
RET_LAG82     51.7425     46.811      1.105      0.269     -40.005     143.490
RET_LAG83    -88.6773     46.994     -1.887      0.059    -180.785       3.430
RET_LAG84    -54.3439     46.123     -1.178      0.239    -144.744      36.056
RET_LAG85     17.8580     46.493      0.384      0.701     -73.266     108.982
RET_LAG86      9.0409     48.475      0.187      0.852     -85.969     104.050
RET_LAG87    -31.6337     47.991     -0.659      0.510    -125.695      62.427
RET_LAG88    -86.2006     46.572     -1.851      0.064    -177.479       5.078
RET_LAG89     75.7054     46.395      1.632      0.103     -15.228     166.638
RET_LAG9      28.8738     42.391      0.681      0.496     -54.211     111.959
RET_LAG90     36.4826     48.130      0.758      0.448     -57.851     130.816
VOL_LAG1    1.955e-07   6.59e-08      2.967      0.003    6.63e-08    3.25e-07
VOL_LAG10   7.677e-08   8.04e-08      0.955      0.339   -8.07e-08    2.34e-07
VOL_LAG11   1.647e-07   7.15e-08      2.303      0.021    2.45e-08    3.05e-07
VOL_LAG12   1.281e-07   7.57e-08      1.692      0.091   -2.03e-08    2.76e-07
VOL_LAG13   1.366e-07   7.27e-08      1.880      0.060   -5.81e-09    2.79e-07
VOL_LAG14    1.29e-07   7.76e-08      1.662      0.097   -2.31e-08    2.81e-07
VOL_LAG15   1.051e-07   7.95e-08      1.322      0.186   -5.07e-08    2.61e-07
VOL_LAG16   1.404e-07   7.72e-08      1.819      0.069   -1.09e-08    2.92e-07
VOL_LAG17   5.906e-08   9.77e-08      0.604      0.546   -1.32e-07    2.51e-07
VOL_LAG18   7.185e-08   8.86e-08      0.811      0.417   -1.02e-07    2.45e-07
VOL_LAG19   1.162e-07   8.19e-08      1.418      0.156   -4.44e-08    2.77e-07
VOL_LAG2    2.635e-07    6.5e-08      4.055      0.000    1.36e-07    3.91e-07
VOL_LAG20   6.546e-08   8.87e-08      0.738      0.461   -1.08e-07    2.39e-07
VOL_LAG21   7.161e-08   9.45e-08      0.758      0.449   -1.14e-07    2.57e-07
VOL_LAG22   4.389e-08   9.92e-08      0.442      0.658   -1.51e-07    2.38e-07
VOL_LAG23   1.243e-07   7.99e-08      1.555      0.120   -3.23e-08    2.81e-07
VOL_LAG24    7.13e-08   9.28e-08      0.769      0.442   -1.11e-07    2.53e-07
VOL_LAG25   1.064e-07   8.68e-08      1.226      0.220   -6.37e-08    2.77e-07
VOL_LAG26   9.997e-08   9.21e-08      1.086      0.277   -8.05e-08     2.8e-07
VOL_LAG27   4.493e-08   1.04e-07      0.431      0.666   -1.59e-07    2.49e-07
VOL_LAG28   7.252e-08   1.05e-07      0.690      0.490   -1.33e-07    2.78e-07
VOL_LAG29   3.377e-08   1.05e-07      0.321      0.748   -1.73e-07     2.4e-07
VOL_LAG3    1.594e-07   6.82e-08      2.336      0.019    2.57e-08    2.93e-07
VOL_LAG30   1.427e-07   8.32e-08      1.715      0.086   -2.03e-08    3.06e-07
VOL_LAG31    7.31e-08   1.06e-07      0.690      0.490   -1.35e-07    2.81e-07
VOL_LAG32   3.683e-08   1.11e-07      0.331      0.741   -1.82e-07    2.55e-07
VOL_LAG33   3.166e-08   1.15e-07      0.276      0.783   -1.93e-07    2.57e-07
VOL_LAG34   2.286e-08   1.23e-07      0.186      0.853   -2.18e-07    2.64e-07
VOL_LAG35   3.384e-08   1.19e-07      0.283      0.777      -2e-07    2.68e-07
VOL_LAG36   1.205e-07   9.31e-08      1.295      0.195   -6.19e-08    3.03e-07
VOL_LAG37   3.366e-08   1.11e-07      0.302      0.763   -1.85e-07    2.52e-07
VOL_LAG38   1.162e-07   9.21e-08      1.261      0.207   -6.44e-08    2.97e-07
VOL_LAG39  -2.281e-08   1.48e-07     -0.154      0.878   -3.14e-07    2.68e-07
VOL_LAG4    1.381e-07   7.24e-08      1.909      0.056   -3.71e-09     2.8e-07
VOL_LAG40   9.929e-09   1.23e-07      0.081      0.936   -2.32e-07    2.52e-07
VOL_LAG41   1.134e-07   1.02e-07      1.113      0.266   -8.63e-08    3.13e-07
VOL_LAG42  -2.206e-08   1.43e-07     -0.154      0.877   -3.02e-07    2.58e-07
VOL_LAG43   1.571e-07   8.43e-08      1.863      0.062   -8.19e-09    3.22e-07
VOL_LAG44   4.031e-09   1.39e-07      0.029      0.977   -2.68e-07    2.76e-07
VOL_LAG45  -1.114e-07   1.93e-07     -0.577      0.564    -4.9e-07    2.67e-07
VOL_LAG46  -8.574e-09   1.35e-07     -0.063      0.949   -2.73e-07    2.56e-07
VOL_LAG47   1.177e-07   9.59e-08      1.227      0.220   -7.03e-08    3.06e-07
VOL_LAG48   1.084e-07   9.96e-08      1.088      0.277   -8.69e-08    3.04e-07
VOL_LAG49  -3.234e-08   1.52e-07     -0.213      0.831    -3.3e-07    2.65e-07
VOL_LAG5    1.147e-07   7.35e-08      1.562      0.118   -2.93e-08    2.59e-07
VOL_LAG50  -1.118e-08   1.43e-07     -0.078      0.938   -2.92e-07     2.7e-07
VOL_LAG51    2.11e-08   1.31e-07      0.161      0.872   -2.37e-07    2.79e-07
VOL_LAG52   1.172e-07   1.02e-07      1.144      0.252   -8.35e-08    3.18e-07
VOL_LAG53  -7.645e-08   1.79e-07     -0.428      0.669   -4.27e-07    2.74e-07
VOL_LAG54   9.711e-08    9.8e-08      0.991      0.322   -9.49e-08    2.89e-07
VOL_LAG55   6.538e-08   1.11e-07      0.589      0.556   -1.52e-07    2.83e-07
VOL_LAG56   7.235e-08   1.08e-07      0.668      0.504    -1.4e-07    2.85e-07
VOL_LAG57   3.647e-08   1.26e-07      0.290      0.772    -2.1e-07    2.83e-07
VOL_LAG58   4.295e-09   1.48e-07      0.029      0.977   -2.86e-07    2.95e-07
VOL_LAG59  -2.578e-08   1.56e-07     -0.166      0.868   -3.31e-07    2.79e-07
VOL_LAG6    1.389e-07   7.17e-08      1.938      0.053    -1.6e-09    2.79e-07
VOL_LAG60    1.52e-07   8.79e-08      1.729      0.084   -2.03e-08    3.24e-07
VOL_LAG61   1.018e-07   1.04e-07      0.978      0.328   -1.02e-07    3.06e-07
VOL_LAG62   6.418e-08   1.21e-07      0.529      0.596   -1.73e-07    3.02e-07
VOL_LAG63  -5.321e-08    1.7e-07     -0.312      0.755   -3.87e-07    2.81e-07
VOL_LAG64   5.202e-08   1.33e-07      0.392      0.695   -2.08e-07    3.12e-07
VOL_LAG65   3.287e-09   1.68e-07      0.020      0.984   -3.26e-07    3.33e-07
VOL_LAG66   1.123e-07   1.11e-07      1.017      0.309   -1.04e-07    3.29e-07
VOL_LAG67   1.992e-07   1.12e-07      1.780      0.075   -2.02e-08    4.19e-07
VOL_LAG68   -4.08e-07   4.21e-07     -0.968      0.333   -1.23e-06    4.18e-07
VOL_LAG69  -4.573e-08   2.01e-07     -0.227      0.820    -4.4e-07    3.49e-07
VOL_LAG7    1.148e-07   7.36e-08      1.560      0.119   -2.95e-08    2.59e-07
VOL_LAG70  -2.171e-08   2.19e-07     -0.099      0.921   -4.51e-07    4.08e-07
VOL_LAG71  -2.947e-07   3.57e-07     -0.825      0.409   -9.95e-07    4.05e-07
VOL_LAG72   1.644e-09   1.73e-07      0.009      0.992   -3.38e-07    3.41e-07
VOL_LAG73   1.282e-07   1.19e-07      1.077      0.281   -1.05e-07    3.62e-07
VOL_LAG74   5.211e-08   1.96e-07      0.266      0.791   -3.32e-07    4.37e-07
VOL_LAG75  -7.086e-07   5.28e-07     -1.341      0.180   -1.74e-06    3.27e-07
VOL_LAG76  -3.934e-08   2.07e-07     -0.190      0.849   -4.45e-07    3.66e-07
VOL_LAG77   7.314e-08   1.62e-07      0.452      0.651   -2.44e-07     3.9e-07
VOL_LAG78  -9.376e-08    2.5e-07     -0.375      0.708   -5.84e-07    3.97e-07
VOL_LAG79  -2.764e-07   3.55e-07     -0.778      0.436   -9.72e-07     4.2e-07
VOL_LAG8    1.178e-07   7.46e-08      1.580      0.114   -2.84e-08    2.64e-07
VOL_LAG80   1.377e-07    1.2e-07      1.149      0.251   -9.72e-08    3.73e-07
VOL_LAG81   1.625e-09   2.13e-07      0.008      0.994   -4.15e-07    4.18e-07
VOL_LAG82  -2.668e-07   3.76e-07     -0.710      0.478      -1e-06    4.69e-07
VOL_LAG83  -2.184e-08   1.84e-07     -0.118      0.906   -3.83e-07     3.4e-07
VOL_LAG84   7.095e-08   1.52e-07      0.467      0.641   -2.27e-07    3.69e-07
VOL_LAG85   2.688e-08   2.41e-07      0.111      0.911   -4.46e-07       5e-07
VOL_LAG86  -1.085e-06   7.23e-07     -1.502      0.133    -2.5e-06    3.31e-07
VOL_LAG87  -2.853e-07   4.33e-07     -0.659      0.510   -1.13e-06    5.63e-07
VOL_LAG88  -4.761e-07   5.19e-07     -0.917      0.359   -1.49e-06    5.42e-07
VOL_LAG89   -7.47e-09   1.76e-07     -0.042      0.966   -3.52e-07    3.37e-07
VOL_LAG9    1.351e-07   7.13e-08      1.895      0.058   -4.61e-09    2.75e-07
VOL_LAG90  -1.938e-07   2.72e-07     -0.713      0.476   -7.26e-07    3.39e-07
==============================================================================