                 Generalized Linear Model Regression Results                  
==============================================================================
Dep. Variable:                      Y   No. Observations:                15172
Model:                            GLM   Df Residuals:                    14991
Model Family:                Binomial   Df Model:                          180
Link Function:                  Logit   Scale:                          1.0000
Method:                          IRLS   Log-Likelihood:                -3248.1
Date:                Sun, 17 Mar 2024   Deviance:                       6496.2
Time:                        19:19:13   Pearson chi2:                 1.42e+04
No. Iterations:                     7   Pseudo R-squ. (CS):            0.04672
Covariance Type:            nonrobust                                         
==============================================================================
                 coef    std err          z      P>|z|      [0.025      0.975]
------------------------------------------------------------------------------
Intercept     -3.3598      0.059    -57.248      0.000      -3.475      -3.245
VIOL_LAG1      0.4037      0.109      3.690      0.000       0.189       0.618
VIOL_LAG10     0.3031      0.112      2.710      0.007       0.084       0.522
VIOL_LAG11     0.3643      0.110      3.310      0.001       0.149       0.580
VIOL_LAG12     0.2200      0.113      1.939      0.052      -0.002       0.442
VIOL_LAG13     0.4004      0.109      3.661      0.000       0.186       0.615
VIOL_LAG14     0.0641      0.117      0.547      0.585      -0.166       0.294
VIOL_LAG15     0.4509      0.109      4.131      0.000       0.237       0.665
VIOL_LAG16     0.0846      0.117      0.723      0.470      -0.145       0.314
VIOL_LAG17     0.0696      0.118      0.589      0.556      -0.162       0.301
VIOL_LAG18     0.1625      0.116      1.399      0.162      -0.065       0.390
VIOL_LAG19     0.1231      0.118      1.047      0.295      -0.107       0.353
VIOL_LAG2      0.3799      0.110      3.466      0.001       0.165       0.595
VIOL_LAG20     0.2596      0.115      2.260      0.024       0.034       0.485
VIOL_LAG21     0.0663      0.120      0.554      0.580      -0.168       0.301
VIOL_LAG22     0.1357      0.118      1.147      0.251      -0.096       0.368
VIOL_LAG23    -0.0561      0.123     -0.455      0.649      -0.298       0.186
VIOL_LAG24    -0.0486      0.123     -0.396      0.692      -0.289       0.192
VIOL_LAG25     0.0802      0.121      0.665      0.506      -0.156       0.316
VIOL_LAG26     0.0447      0.121      0.370      0.711      -0.192       0.281
VIOL_LAG27     0.2225      0.117      1.896      0.058      -0.008       0.452
VIOL_LAG28    -0.0997      0.125     -0.797      0.426      -0.345       0.145
VIOL_LAG29     0.2458      0.117      2.096      0.036       0.016       0.476
VIOL_LAG3      0.2989      0.112      2.672      0.008       0.080       0.518
VIOL_LAG30     0.0881      0.121      0.727      0.467      -0.149       0.326
VIOL_LAG31     0.1512      0.119      1.266      0.206      -0.083       0.385
VIOL_LAG32     0.0327      0.123      0.265      0.791      -0.209       0.274
VIOL_LAG33     0.1353      0.121      1.120      0.263      -0.102       0.372
VIOL_LAG34     0.1859      0.120      1.544      0.123      -0.050       0.422
VIOL_LAG35     0.1464      0.121      1.213      0.225      -0.090       0.383
VIOL_LAG36     0.0691      0.122      0.565      0.572      -0.171       0.309
VIOL_LAG37     0.0228      0.124      0.184      0.854      -0.220       0.266
VIOL_LAG38    -0.2048      0.132     -1.553      0.120      -0.463       0.054
VIOL_LAG39     0.1374      0.122      1.122      0.262      -0.103       0.377
VIOL_LAG4      0.2873      0.111      2.579      0.010       0.069       0.506
VIOL_LAG40    -0.1505      0.130     -1.159      0.247      -0.405       0.104
VIOL_LAG41     0.0893      0.123      0.725      0.469      -0.152       0.331
VIOL_LAG42     0.1793      0.121      1.482      0.138      -0.058       0.417
VIOL_LAG43     0.1464      0.122      1.200      0.230      -0.093       0.386
VIOL_LAG44    -0.0150      0.126     -0.119      0.906      -0.263       0.233
VIOL_LAG45     0.0491      0.126      0.390      0.696      -0.197       0.295
VIOL_LAG46     0.2146      0.121      1.780      0.075      -0.022       0.451
VIOL_LAG47     0.3601      0.117      3.090      0.002       0.132       0.589
VIOL_LAG48     0.0472      0.125      0.377      0.706      -0.198       0.293
VIOL_LAG49     0.1200      0.123      0.973      0.331      -0.122       0.362
VIOL_LAG5      0.2135      0.114      1.876      0.061      -0.010       0.437
VIOL_LAG50    -0.1300      0.131     -0.989      0.323      -0.388       0.128
VIOL_LAG51     0.0098      0.127      0.077      0.938      -0.240       0.259
VIOL_LAG52    -0.1102      0.131     -0.842      0.400      -0.367       0.146
VIOL_LAG53     0.1889      0.123      1.541      0.123      -0.051       0.429
VIOL_LAG54    -0.1614      0.132     -1.222      0.222      -0.420       0.098
VIOL_LAG55     0.2085      0.122      1.702      0.089      -0.032       0.448
VIOL_LAG56     0.0927      0.126      0.737      0.461      -0.154       0.339
VIOL_LAG57     0.1056      0.125      0.844      0.399      -0.140       0.351
VIOL_LAG58     0.1697      0.124      1.374      0.169      -0.072       0.412
VIOL_LAG59    -0.0047      0.129     -0.036      0.971      -0.258       0.249
VIOL_LAG6      0.3403      0.111      3.060      0.002       0.122       0.558
VIOL_LAG60     0.1572      0.125      1.261      0.207      -0.087       0.401
VIOL_LAG61    -0.0133      0.129     -0.103      0.918      -0.267       0.240
VIOL_LAG62     0.1050      0.126      0.835      0.404      -0.142       0.352
VIOL_LAG63     0.0808      0.128      0.629      0.529      -0.171       0.332
VIOL_LAG64     0.0555      0.128      0.433      0.665      -0.196       0.307
VIOL_LAG65     0.1013      0.128      0.788      0.431      -0.151       0.353
VIOL_LAG66     0.0994      0.127      0.781      0.435      -0.150       0.349
VIOL_LAG67    -0.0377      0.133     -0.283      0.777      -0.298       0.223
VIOL_LAG68    -0.3115      0.142     -2.190      0.028      -0.590      -0.033
VIOL_LAG69     0.1097      0.129      0.848      0.397      -0.144       0.363
VIOL_LAG7      0.2377      0.113      2.108      0.035       0.017       0.459
VIOL_LAG70     0.3131      0.123      2.539      0.011       0.071       0.555
VIOL_LAG71     0.0506      0.132      0.385      0.700      -0.207       0.309
VIOL_LAG72    -0.1487      0.138     -1.075      0.282      -0.420       0.122
VIOL_LAG73     0.2207      0.126      1.756      0.079      -0.026       0.467
VIOL_LAG74     0.1622      0.129      1.260      0.208      -0.090       0.414
VIOL_LAG75    -0.0164      0.135     -0.122      0.903      -0.280       0.247
VIOL_LAG76    -0.2426      0.142     -1.706      0.088      -0.521       0.036
VIOL_LAG77    -0.0640      0.136     -0.469      0.639      -0.332       0.203
VIOL_LAG78     0.0925      0.132      0.702      0.483      -0.166       0.351
VIOL_LAG79    -0.0399      0.138     -0.288      0.773      -0.311       0.231
VIOL_LAG8      0.1306      0.117      1.120      0.263      -0.098       0.359
VIOL_LAG80     0.0722      0.133      0.544      0.586      -0.188       0.332
VIOL_LAG81     0.2081      0.129      1.609      0.108      -0.045       0.461
VIOL_LAG82    -0.2868      0.147     -1.949      0.051      -0.575       0.002
VIOL_LAG83     0.2784      0.128      2.171      0.030       0.027       0.530
VIOL_LAG84     0.2012      0.130      1.554      0.120      -0.053       0.455
VIOL_LAG85     0.1543      0.132      1.170      0.242      -0.104       0.413
VIOL_LAG86     0.2248      0.130      1.730      0.084      -0.030       0.480
VIOL_LAG87     0.0915      0.135      0.677      0.499      -0.174       0.357
VIOL_LAG88     0.1903      0.132      1.444      0.149      -0.068       0.449
VIOL_LAG89     0.0042      0.137      0.031      0.975      -0.265       0.273
VIOL_LAG9      0.1400      0.116      1.208      0.227      -0.087       0.367
VIOL_LAG90     0.0377      0.136      0.278      0.781      -0.228       0.303
VOL_LAG1    1.095e-07   7.76e-08      1.411      0.158   -4.26e-08    2.62e-07
VOL_LAG10   -3.74e-08    1.4e-07     -0.267      0.789   -3.12e-07    2.37e-07
VOL_LAG11   1.051e-07   9.27e-08      1.134      0.257   -7.66e-08    2.87e-07
VOL_LAG12   7.442e-08   1.12e-07      0.667      0.505   -1.44e-07    2.93e-07
VOL_LAG13   7.379e-08   9.83e-08      0.751      0.453   -1.19e-07    2.66e-07
VOL_LAG14   6.589e-08   1.16e-07      0.569      0.569   -1.61e-07    2.93e-07
VOL_LAG15   2.332e-08   1.23e-07      0.189      0.850   -2.18e-07    2.65e-07
VOL_LAG16   8.566e-08   1.09e-07      0.785      0.432   -1.28e-07       3e-07
VOL_LAG17  -1.767e-07   2.21e-07     -0.801      0.423   -6.09e-07    2.56e-07
VOL_LAG18  -5.836e-09   1.55e-07     -0.038      0.970   -3.09e-07    2.97e-07
VOL_LAG19   7.954e-08   1.19e-07      0.669      0.504   -1.54e-07    3.13e-07
VOL_LAG2    2.312e-07   6.93e-08      3.339      0.001    9.55e-08    3.67e-07
VOL_LAG20  -3.441e-08   1.43e-07     -0.241      0.810   -3.14e-07    2.46e-07
VOL_LAG21   -3.01e-08   1.71e-07     -0.176      0.860   -3.64e-07    3.04e-07
VOL_LAG22  -1.344e-07    2.1e-07     -0.640      0.522   -5.46e-07    2.77e-07
VOL_LAG23     1.4e-07   1.07e-07      1.311      0.190   -6.94e-08    3.49e-07
VOL_LAG24  -1.039e-08   1.53e-07     -0.068      0.946    -3.1e-07    2.89e-07
VOL_LAG25   6.116e-08   1.23e-07      0.499      0.618   -1.79e-07    3.02e-07
VOL_LAG26   1.865e-08   1.52e-07      0.123      0.902   -2.79e-07    3.16e-07
VOL_LAG27  -9.389e-08   2.11e-07     -0.446      0.656   -5.07e-07    3.19e-07
VOL_LAG28  -4.517e-08   1.87e-07     -0.241      0.809   -4.12e-07    3.22e-07
VOL_LAG29  -7.204e-08    1.9e-07     -0.380      0.704   -4.44e-07       3e-07
VOL_LAG3    1.111e-07   8.24e-08      1.349      0.177   -5.03e-08    2.73e-07
VOL_LAG30   1.274e-07   1.08e-07      1.180      0.238   -8.42e-08    3.39e-07
VOL_LAG31  -5.377e-08   1.86e-07     -0.288      0.773   -4.19e-07    3.12e-07
VOL_LAG32  -9.806e-08   2.12e-07     -0.462      0.644   -5.14e-07    3.18e-07
VOL_LAG33  -1.022e-07   2.23e-07     -0.459      0.646   -5.39e-07    3.34e-07
VOL_LAG34  -1.285e-07    2.3e-07     -0.560      0.576   -5.78e-07    3.21e-07
VOL_LAG35  -8.162e-08   2.08e-07     -0.393      0.694   -4.88e-07    3.25e-07
VOL_LAG36   9.099e-08   1.25e-07      0.730      0.465   -1.53e-07    3.35e-07
VOL_LAG37  -2.185e-08   1.76e-07     -0.124      0.901   -3.66e-07    3.22e-07
VOL_LAG38   1.229e-07   1.14e-07      1.080      0.280      -1e-07    3.46e-07
VOL_LAG39  -1.622e-07   2.64e-07     -0.614      0.540    -6.8e-07    3.56e-07
VOL_LAG4    5.722e-08   9.51e-08      0.602      0.547   -1.29e-07    2.44e-07
VOL_LAG40  -4.508e-08   1.95e-07     -0.232      0.817   -4.27e-07    3.36e-07
VOL_LAG41    1.25e-07   1.32e-07      0.949      0.342   -1.33e-07    3.83e-07
VOL_LAG42  -3.147e-07   3.24e-07     -0.970      0.332    -9.5e-07    3.21e-07
VOL_LAG43    1.75e-07   9.76e-08      1.794      0.073   -1.62e-08    3.66e-07
VOL_LAG44  -7.913e-08   2.35e-07     -0.337      0.736   -5.39e-07    3.81e-07
VOL_LAG45  -4.943e-07   3.87e-07     -1.278      0.201   -1.25e-06    2.64e-07
VOL_LAG46   -8.75e-08   2.01e-07     -0.436      0.663    -4.8e-07    3.05e-07
VOL_LAG47   1.219e-07   1.15e-07      1.057      0.290   -1.04e-07    3.48e-07
VOL_LAG48   1.207e-07   1.14e-07      1.059      0.290   -1.03e-07    3.44e-07
VOL_LAG49  -1.382e-07    2.4e-07     -0.577      0.564   -6.08e-07    3.31e-07
VOL_LAG5    3.212e-08   1.04e-07      0.310      0.756   -1.71e-07    2.35e-07
VOL_LAG50  -9.137e-08   1.96e-07     -0.466      0.642   -4.76e-07    2.93e-07
VOL_LAG51  -1.205e-08   1.62e-07     -0.074      0.941   -3.29e-07    3.05e-07
VOL_LAG52   1.187e-07   1.21e-07      0.983      0.326   -1.18e-07    3.55e-07
VOL_LAG53  -1.919e-07   2.64e-07     -0.727      0.467   -7.09e-07    3.26e-07
VOL_LAG54   9.732e-08    1.1e-07      0.886      0.376   -1.18e-07    3.13e-07
VOL_LAG55   4.556e-08    1.3e-07      0.350      0.726   -2.09e-07       3e-07
VOL_LAG56   6.367e-08   1.27e-07      0.502      0.616   -1.85e-07    3.12e-07
VOL_LAG57  -2.741e-08   1.71e-07     -0.161      0.872   -3.62e-07    3.07e-07
VOL_LAG58  -5.808e-08   1.97e-07     -0.295      0.768   -4.44e-07    3.28e-07
VOL_LAG59  -1.372e-07   2.33e-07     -0.590      0.555   -5.93e-07    3.19e-07
VOL_LAG6    5.376e-08   9.52e-08      0.565      0.572   -1.33e-07     2.4e-07
VOL_LAG60   1.363e-07   9.81e-08      1.389      0.165    -5.6e-08    3.29e-07
VOL_LAG61   1.106e-07   1.19e-07      0.930      0.352   -1.23e-07    3.44e-07
VOL_LAG62   5.553e-08   1.39e-07      0.398      0.690   -2.18e-07    3.29e-07
VOL_LAG63  -1.376e-07   2.57e-07     -0.535      0.593   -6.42e-07    3.66e-07
VOL_LAG64   2.801e-08   1.56e-07      0.180      0.857   -2.77e-07    3.33e-07
VOL_LAG65  -5.618e-08   2.05e-07     -0.273      0.785   -4.59e-07    3.47e-07
VOL_LAG66   1.094e-07   1.25e-07      0.873      0.382   -1.36e-07    3.55e-07
VOL_LAG67   2.154e-07   1.17e-07      1.844      0.065   -1.35e-08    4.44e-07
VOL_LAG68  -5.925e-07   4.33e-07     -1.369      0.171   -1.44e-06    2.56e-07
VOL_LAG69  -7.911e-08   2.26e-07     -0.349      0.727   -5.23e-07    3.65e-07
VOL_LAG7    3.064e-08   1.07e-07      0.287      0.774   -1.79e-07     2.4e-07
VOL_LAG70  -8.584e-08   2.55e-07     -0.337      0.736   -5.86e-07    4.14e-07
VOL_LAG71   -3.92e-07   3.85e-07     -1.019      0.308   -1.15e-06    3.62e-07
VOL_LAG72  -5.063e-08   1.89e-07     -0.267      0.789   -4.22e-07    3.21e-07
VOL_LAG73   1.193e-07   1.26e-07      0.947      0.344   -1.28e-07    3.66e-07
VOL_LAG74   6.858e-09   2.07e-07      0.033      0.974   -3.98e-07    4.12e-07
VOL_LAG75  -4.946e-07   4.47e-07     -1.105      0.269   -1.37e-06    3.82e-07
VOL_LAG76  -3.358e-08   1.92e-07     -0.175      0.861    -4.1e-07    3.43e-07
VOL_LAG77   8.191e-08   1.59e-07      0.516      0.606   -2.29e-07    3.93e-07
VOL_LAG78  -1.012e-07   2.46e-07     -0.411      0.681   -5.84e-07    3.81e-07
VOL_LAG79  -2.393e-07   3.13e-07     -0.764      0.445   -8.53e-07    3.74e-07
VOL_LAG8     4.24e-08   1.08e-07      0.393      0.695   -1.69e-07    2.54e-07
VOL_LAG80   1.294e-07   1.16e-07      1.119      0.263   -9.73e-08    3.56e-07
VOL_LAG81  -6.152e-09   1.99e-07     -0.031      0.975   -3.95e-07    3.83e-07
VOL_LAG82  -2.035e-07   2.96e-07     -0.687      0.492   -7.84e-07    3.77e-07
VOL_LAG83  -3.951e-08   1.85e-07     -0.214      0.831   -4.02e-07    3.23e-07
VOL_LAG84   7.359e-08   1.52e-07      0.484      0.628   -2.24e-07    3.72e-07
VOL_LAG85  -4.096e-08   2.25e-07     -0.182      0.856   -4.82e-07       4e-07
VOL_LAG86  -5.578e-07   5.01e-07     -1.114      0.265   -1.54e-06    4.24e-07
VOL_LAG87  -2.803e-07   3.62e-07     -0.775      0.439    -9.9e-07    4.29e-07
VOL_LAG88  -2.134e-07   3.03e-07     -0.705      0.481   -8.07e-07     3.8e-07
VOL_LAG89   3.568e-08    1.5e-07      0.237      0.812   -2.59e-07     3.3e-07
VOL_LAG9    8.376e-08   9.28e-08      0.902      0.367   -9.82e-08    2.66e-07
VOL_LAG90  -6.952e-08   1.94e-07     -0.358      0.721   -4.51e-07    3.12e-07
==============================================================================