                 Generalized Linear Model Regression Results                  
==============================================================================
Dep. Variable:                      Y   No. Observations:                15172
Model:                            GLM   Df Residuals:                    15093
Model Family:                Binomial   Df Model:                           78
Link Function:                  Logit   Scale:                          1.0000
Method:                          IRLS   Log-Likelihood:                -3357.7
Date:                Sun, 24 Mar 2024   Deviance:                       6715.4
Time:                        20:59:47   Pearson chi2:                 1.66e+04
No. Iterations:                     6   Pseudo R-squ. (CS):            0.03285
Covariance Type:            nonrobust                                         
================================================================================
                   coef    std err          z      P>|z|      [0.025      0.975]
--------------------------------------------------------------------------------
Intercept       -3.2482      0.050    -65.547      0.000      -3.345      -3.151
RET_LAG1        96.1751     36.545      2.632      0.008      24.549     167.801
RET_LAG10        0.0858     37.197      0.002      0.998     -72.819      72.991
RET_LAG11        1.1714     37.566      0.031      0.975     -72.457      74.800
RET_LAG12      -27.3836     37.714     -0.726      0.468    -101.301      46.534
RET_LAG13      -14.9868     38.039     -0.394      0.694     -89.542      59.568
RET_LAG14       24.8710     37.397      0.665      0.506     -48.426      98.168
RET_LAG15      -59.3516     37.064     -1.601      0.109    -131.996      13.293
RET_LAG16      -34.0794     38.870     -0.877      0.381    -110.264      42.105
RET_LAG17      -27.8624     38.519     -0.723      0.469    -103.358      47.633
RET_LAG18       28.8233     38.328      0.752      0.452     -46.298     103.945
RET_LAG19       49.9823     37.389      1.337      0.181     -23.298     123.263
RET_LAG2       -71.3557     42.080     -1.696      0.090    -153.830      11.119
RET_LAG20      -37.4398     38.784     -0.965      0.334    -113.455      38.575
RET_LAG21       -3.6073     37.470     -0.096      0.923     -77.046      69.832
RET_LAG22      -24.1223     39.021     -0.618      0.536    -100.603      52.358
RET_LAG23       56.5329     37.881      1.492      0.136     -17.712     130.778
RET_LAG24       39.1882     38.970      1.006      0.315     -37.192     115.569
RET_LAG25       32.2519     38.253      0.843      0.399     -42.722     107.226
RET_LAG26       18.1487     37.733      0.481      0.631     -55.807      92.105
RET_LAG27      -23.6548     38.514     -0.614      0.539     -99.141      51.831
RET_LAG28       76.7182     38.673      1.984      0.047       0.920     152.517
RET_LAG29      -27.4796     38.549     -0.713      0.476    -103.034      48.075
RET_LAG3        58.7424     37.439      1.569      0.117     -14.637     132.121
RET_LAG30        3.6755     38.728      0.095      0.924     -72.230      79.581
RET_LAG4        51.4675     37.145      1.386      0.166     -21.335     124.270
RET_LAG5        26.9476     38.433      0.701      0.483     -48.380     102.275
RET_LAG6        36.9951     36.733      1.007      0.314     -35.001     108.991
RET_LAG7       -87.2838     38.170     -2.287      0.022    -162.096     -12.471
RET_LAG8        -9.1665     37.997     -0.241      0.809     -83.640      65.307
RET_LAG9        48.5776     37.553      1.294      0.196     -25.026     122.181
SQ_RET_LAG1    1.01e+05   1.28e+04      7.880      0.000    7.59e+04    1.26e+05
SQ_RET_LAG10   1.84e+04   9356.885      1.966      0.049      59.547    3.67e+04
SQ_RET_LAG11  6483.4119   9531.777      0.680      0.496   -1.22e+04    2.52e+04
SQ_RET_LAG12  1.519e+04   9550.195      1.591      0.112   -3523.199    3.39e+04
SQ_RET_LAG13  6866.4404   9525.174      0.721      0.471   -1.18e+04    2.55e+04
SQ_RET_LAG14  9664.0205   9328.082      1.036      0.300   -8618.685    2.79e+04
SQ_RET_LAG15  2.435e+04   9259.508      2.630      0.009    6202.905    4.25e+04
SQ_RET_LAG16 -6058.3895      1e+04     -0.606      0.545   -2.57e+04    1.35e+04
SQ_RET_LAG17  1.473e+04   9871.487      1.493      0.136   -4613.253    3.41e+04
SQ_RET_LAG18  1311.4131   9464.250      0.139      0.890   -1.72e+04    1.99e+04
SQ_RET_LAG19  1.911e+04   9406.268      2.032      0.042     678.412    3.76e+04
SQ_RET_LAG2  -1.814e+04   1.27e+04     -1.428      0.153    -4.3e+04    6762.254
SQ_RET_LAG20  1711.6072   9855.580      0.174      0.862   -1.76e+04     2.1e+04
SQ_RET_LAG21  2.181e+04   9327.843      2.338      0.019    3526.639    4.01e+04
SQ_RET_LAG22 -2656.9674   9689.488     -0.274      0.784   -2.16e+04    1.63e+04
SQ_RET_LAG23  1.781e+04   9331.639      1.908      0.056    -484.214    3.61e+04
SQ_RET_LAG24  1536.5901   9970.000      0.154      0.878    -1.8e+04    2.11e+04
SQ_RET_LAG25  1.193e+04   9541.619      1.250      0.211   -6772.068    3.06e+04
SQ_RET_LAG26  1.573e+04   9348.024      1.682      0.093   -2596.220     3.4e+04
SQ_RET_LAG27  8340.0262   9398.964      0.887      0.375   -1.01e+04    2.68e+04
SQ_RET_LAG28  8293.3424   9653.237      0.859      0.390   -1.06e+04    2.72e+04
SQ_RET_LAG29  1.457e+04   9478.972      1.537      0.124   -4007.591    3.31e+04
SQ_RET_LAG3   3.009e+04   1.08e+04      2.781      0.005    8886.044    5.13e+04
SQ_RET_LAG30  7140.3749   9396.745      0.760      0.447   -1.13e+04    2.56e+04
SQ_RET_LAG4    2.12e+04   9905.395      2.141      0.032    1788.496    4.06e+04
SQ_RET_LAG5   4460.8015   9900.801      0.451      0.652   -1.49e+04    2.39e+04
SQ_RET_LAG6   1.923e+04   9263.864      2.076      0.038    1071.173    3.74e+04
SQ_RET_LAG7   1.293e+04   9693.522      1.333      0.182   -6073.868    3.19e+04
SQ_RET_LAG8   5366.3378   9534.851      0.563      0.574   -1.33e+04    2.41e+04
SQ_RET_LAG9   1.061e+04   9415.511      1.127      0.260   -7839.410    2.91e+04
VOL_LAG1      1.301e-07   6.99e-08      1.861      0.063   -6.95e-09    2.67e-07
VOL_LAG10     5.052e-08   9.18e-08      0.550      0.582   -1.29e-07     2.3e-07
VOL_LAG11     1.324e-07    7.6e-08      1.743      0.081   -1.65e-08    2.81e-07
VOL_LAG12     9.541e-08   8.27e-08      1.154      0.249   -6.67e-08    2.57e-07
VOL_LAG13      1.25e-07   7.67e-08      1.630      0.103   -2.53e-08    2.75e-07
VOL_LAG14     8.049e-08   8.66e-08      0.929      0.353   -8.93e-08     2.5e-07
VOL_LAG15      6.96e-08   8.92e-08      0.780      0.435   -1.05e-07    2.44e-07
VOL_LAG16     1.225e-07   8.19e-08      1.495      0.135   -3.81e-08    2.83e-07
VOL_LAG17     1.309e-08   1.15e-07      0.114      0.909   -2.12e-07    2.38e-07
VOL_LAG18     3.235e-08   1.02e-07      0.317      0.751   -1.68e-07    2.32e-07
VOL_LAG19     9.202e-08   9.05e-08      1.017      0.309   -8.54e-08    2.69e-07
VOL_LAG2       2.38e-07   6.54e-08      3.641      0.000     1.1e-07    3.66e-07
VOL_LAG20     5.289e-08   9.93e-08      0.533      0.594   -1.42e-07    2.48e-07
VOL_LAG21     3.368e-08    1.1e-07      0.306      0.760   -1.82e-07    2.49e-07
VOL_LAG22     1.469e-08   1.14e-07      0.129      0.897   -2.08e-07    2.37e-07
VOL_LAG23     1.102e-07   8.67e-08      1.271      0.204   -5.97e-08     2.8e-07
VOL_LAG24     5.779e-08   1.01e-07      0.574      0.566   -1.39e-07    2.55e-07
VOL_LAG25     8.021e-08   9.42e-08      0.851      0.395   -1.04e-07    2.65e-07
VOL_LAG26     7.447e-08      1e-07      0.744      0.457   -1.22e-07    2.71e-07
VOL_LAG27     4.938e-08    1.1e-07      0.449      0.653   -1.66e-07    2.65e-07
VOL_LAG28     3.394e-08   1.16e-07      0.293      0.770   -1.93e-07    2.61e-07
VOL_LAG29     3.717e-08    1.1e-07      0.337      0.736   -1.79e-07    2.53e-07
VOL_LAG3      1.276e-07   7.14e-08      1.786      0.074   -1.24e-08    2.68e-07
VOL_LAG30      1.54e-07    8.3e-08      1.856      0.064   -8.67e-09    3.17e-07
VOL_LAG4      8.836e-08    7.8e-08      1.133      0.257   -6.45e-08    2.41e-07
VOL_LAG5      8.957e-08      8e-08      1.120      0.263   -6.71e-08    2.46e-07
VOL_LAG6      1.088e-07   7.77e-08      1.401      0.161   -4.34e-08    2.61e-07
VOL_LAG7      9.068e-08   8.13e-08      1.116      0.264   -6.86e-08     2.5e-07
VOL_LAG8      8.449e-08   8.25e-08      1.024      0.306   -7.72e-08    2.46e-07
VOL_LAG9      1.198e-07   7.66e-08      1.563      0.118   -3.04e-08     2.7e-07
================================================================================