                 Generalized Linear Model Regression Results                  
==============================================================================
Dep. Variable:                      Y   No. Observations:                15172
Model:                            GLM   Df Residuals:                    14811
Model Family:                Binomial   Df Model:                          360
Link Function:                  Logit   Scale:                          1.0000
Method:                          IRLS   Log-Likelihood:                -3108.8
Date:                Sun, 17 Mar 2024   Deviance:                       6217.7
Time:                        19:20:58   Pearson chi2:                 1.43e+04
No. Iterations:                     7   Pseudo R-squ. (CS):            0.06406
Covariance Type:            nonrobust                                         
===============================================================================
                  coef    std err          z      P>|z|      [0.025      0.975]
-------------------------------------------------------------------------------
Intercept      -3.5278      0.068    -51.693      0.000      -3.662      -3.394
RET_LAG1      267.8694     45.331      5.909      0.000     179.021     356.718
RET_LAG10      63.1270     48.772      1.294      0.196     -32.465     158.719
RET_LAG100     67.9640     55.404      1.227      0.220     -40.625     176.553
RET_LAG101     48.2835     55.820      0.865      0.387     -61.123     157.690
RET_LAG102     36.6755     54.899      0.668      0.504     -70.926     144.276
RET_LAG103   -130.8943     57.466     -2.278      0.023    -243.525     -18.263
RET_LAG104     68.6993     55.416      1.240      0.215     -39.913     177.312
RET_LAG105     95.3542     55.421      1.721      0.085     -13.268     203.976
RET_LAG106      3.7309     54.822      0.068      0.946    -103.719     111.181
RET_LAG107    -49.6306     57.141     -0.869      0.385    -161.625      62.364
RET_LAG108     12.7086     57.083      0.223      0.824     -99.173     124.590
RET_LAG109     49.9261     55.949      0.892      0.372     -59.732     159.584
RET_LAG11      88.1499     48.094      1.833      0.067      -6.112     182.412
RET_LAG110     -9.4937     56.655     -0.168      0.867    -120.536     101.548
RET_LAG111     13.3875     55.861      0.240      0.811     -96.099     122.873
RET_LAG112     40.8468     56.835      0.719      0.472     -70.548     152.242
RET_LAG113     91.5125     54.638      1.675      0.094     -15.575     198.600
RET_LAG114    -16.5709     56.467     -0.293      0.769    -127.243      94.102
RET_LAG115    -15.0827     56.057     -0.269      0.788    -124.953      94.788
RET_LAG116     90.0982     55.947      1.610      0.107     -19.555     199.752
RET_LAG117     65.1764     56.562      1.152      0.249     -45.684     176.037
RET_LAG118     54.5966     56.259      0.970      0.332     -55.668     164.862
RET_LAG119     38.3664     57.766      0.664      0.507     -74.852     151.585
RET_LAG12      25.9478     48.639      0.533      0.594     -69.382     121.278
RET_LAG120    -36.9745     58.328     -0.634      0.526    -151.295      77.346
RET_LAG13     100.7037     47.501      2.120      0.034       7.603     193.805
RET_LAG14      60.2216     48.634      1.238      0.216     -35.099     155.542
RET_LAG15      24.8607     49.076      0.507      0.612     -71.327     121.048
RET_LAG16      32.8078     48.064      0.683      0.495     -61.395     127.011
RET_LAG17     -63.4500     49.262     -1.288      0.198    -160.002      33.102
RET_LAG18      98.3380     48.176      2.041      0.041       3.914     192.762
RET_LAG19      70.1974     48.206      1.456      0.145     -24.284     164.679
RET_LAG2       17.6224     49.471      0.356      0.722     -79.339     114.584
RET_LAG20     -21.3767     49.686     -0.430      0.667    -118.759      76.006
RET_LAG21      29.4692     48.833      0.603      0.546     -66.242     125.180
RET_LAG22     -19.4213     49.999     -0.388      0.698    -117.418      78.575
RET_LAG23      35.2052     48.619      0.724      0.469     -60.086     130.497
RET_LAG24      15.9204     49.891      0.319      0.750     -81.864     113.705
RET_LAG25      16.4356     49.630      0.331      0.741     -80.838     113.709
RET_LAG26      30.5358     50.196      0.608      0.543     -67.846     128.918
RET_LAG27     -14.8020     50.263     -0.294      0.768    -113.315      83.711
RET_LAG28      81.4289     48.869      1.666      0.096     -14.352     177.210
RET_LAG29      19.2346     50.052      0.384      0.701     -78.866     117.335
RET_LAG3      143.1636     47.072      3.041      0.002      50.904     235.423
RET_LAG30      46.1950     49.179      0.939      0.348     -50.194     142.584
RET_LAG31      69.9758     49.144      1.424      0.154     -26.344     166.296
RET_LAG32      -6.2975     50.719     -0.124      0.901    -105.704      93.109
RET_LAG33      16.4759     49.935      0.330      0.741     -81.394     114.346
RET_LAG34     -29.2577     51.178     -0.572      0.568    -129.564      71.049
RET_LAG35     -35.6397     50.956     -0.699      0.484    -135.511      64.231
RET_LAG36      37.5460     49.143      0.764      0.445     -58.772     133.864
RET_LAG37     -27.7635     51.870     -0.535      0.592    -129.427      73.900
RET_LAG38     113.8771     50.309      2.264      0.024      15.274     212.480
RET_LAG39     -35.6907     52.155     -0.684      0.494    -137.912      66.530
RET_LAG4      162.5609     47.467      3.425      0.001      69.527     255.595
RET_LAG40      61.1443     49.835      1.227      0.220     -36.530     158.818
RET_LAG41     -59.8237     51.677     -1.158      0.247    -161.108      41.460
RET_LAG42      44.4230     50.868      0.873      0.383     -55.277     144.123
RET_LAG43      54.8637     50.314      1.090      0.276     -43.751     153.478
RET_LAG44     -85.7069     52.346     -1.637      0.102    -188.303      16.889
RET_LAG45      22.2718     51.566      0.432      0.666     -78.796     123.340
RET_LAG46      85.1898     50.627      1.683      0.092     -14.037     184.416
RET_LAG47      93.8908     50.359      1.864      0.062      -4.811     192.592
RET_LAG48      51.1112     48.955      1.044      0.296     -44.839     147.061
RET_LAG49     152.8978     49.253      3.104      0.002      56.363     249.433
RET_LAG5       50.2614     49.513      1.015      0.310     -46.782     147.305
RET_LAG50     -22.7684     52.216     -0.436      0.663    -125.110      79.574
RET_LAG51     100.0085     49.162      2.034      0.042       3.652     196.365
RET_LAG52     -21.2458     51.395     -0.413      0.679    -121.978      79.486
RET_LAG53      50.3108     50.895      0.989      0.323     -49.442     150.063
RET_LAG54      87.3534     50.948      1.715      0.086     -12.504     187.210
RET_LAG55      38.5123     52.000      0.741      0.459     -63.406     140.430
RET_LAG56     -39.9534     51.486     -0.776      0.438    -140.864      60.958
RET_LAG57     109.1540     49.617      2.200      0.028      11.907     206.401
RET_LAG58      -6.1826     52.052     -0.119      0.905    -108.203      95.837
RET_LAG59     -32.1208     51.205     -0.627      0.530    -132.481      68.240
RET_LAG6      121.5614     47.352      2.567      0.010      28.753     214.370
RET_LAG60     105.9529     50.551      2.096      0.036       6.874     205.032
RET_LAG61     -31.5173     52.097     -0.605      0.545    -133.625      70.591
RET_LAG62     -43.8746     52.416     -0.837      0.403    -146.609      58.860
RET_LAG63    -155.7388     54.176     -2.875      0.004    -261.922     -49.556
RET_LAG64     -48.2897     51.594     -0.936      0.349    -149.413      52.833
RET_LAG65      67.7363     50.969      1.329      0.184     -32.161     167.633
RET_LAG66      69.0074     51.444      1.341      0.180     -31.821     169.836
RET_LAG67      56.4483     51.232      1.102      0.271     -43.965     156.861
RET_LAG68      87.5640     53.784      1.628      0.104     -17.852     192.980
RET_LAG69     -35.9258     53.445     -0.672      0.501    -140.675      68.824
RET_LAG7      -59.1540     50.101     -1.181      0.238    -157.350      39.042
RET_LAG70      34.0120     52.228      0.651      0.515     -68.354     136.378
RET_LAG71      -6.9154     54.410     -0.127      0.899    -113.558      99.727
RET_LAG72      32.6165     52.923      0.616      0.538     -71.111     136.344
RET_LAG73     -50.6276     52.705     -0.961      0.337    -153.928      52.673
RET_LAG74      81.2040     51.413      1.579      0.114     -19.563     181.971
RET_LAG75    -108.6061     55.372     -1.961      0.050    -217.133      -0.079
RET_LAG76     -73.7393     55.018     -1.340      0.180    -181.573      34.095
RET_LAG77    -104.8480     55.416     -1.892      0.058    -213.461       3.765
RET_LAG78      -7.1390     53.982     -0.132      0.895    -112.942      98.664
RET_LAG79     -30.4719     54.538     -0.559      0.576    -137.364      76.420
RET_LAG8        1.3327     48.750      0.027      0.978     -94.216      96.882
RET_LAG80       7.2044     53.866      0.134      0.894     -98.372     112.780
RET_LAG81       3.2488     53.756      0.060      0.952    -102.111     108.608
RET_LAG82      13.4066     54.955      0.244      0.807     -94.304     121.117
RET_LAG83     -52.4001     55.269     -0.948      0.343    -160.726      55.926
RET_LAG84       4.2918     53.702      0.080      0.936    -100.963     109.546
RET_LAG85      61.3209     53.342      1.150      0.250     -43.227     165.869
RET_LAG86      60.8567     55.100      1.104      0.269     -47.137     168.850
RET_LAG87      -3.2162     54.392     -0.059      0.953    -109.823     103.390
RET_LAG88     -72.1799     54.838     -1.316      0.188    -179.661      35.301
RET_LAG89      80.5395     52.382      1.538      0.124     -22.128     183.207
RET_LAG9       58.8236     48.701      1.208      0.227     -36.629     154.276
RET_LAG90      44.3428     55.527      0.799      0.425     -64.488     153.173
RET_LAG91     -89.5340     55.449     -1.615      0.106    -198.213      19.145
RET_LAG92      -4.1110     53.889     -0.076      0.939    -109.732     101.510
RET_LAG93      86.0633     54.599      1.576      0.115     -20.948     193.075
RET_LAG94     -46.6528     55.229     -0.845      0.398    -154.900      61.594
RET_LAG95      19.0819     54.725      0.349      0.727     -88.176     126.340
RET_LAG96      45.7782     54.615      0.838      0.402     -61.266     152.822
RET_LAG97      17.7050     56.860      0.311      0.756     -93.739     129.149
RET_LAG98      11.2963     55.384      0.204      0.838     -97.255     119.848
RET_LAG99     -70.6149     56.333     -1.254      0.210    -181.026      39.796
VIOL_LAG1       0.9083      0.141      6.442      0.000       0.632       1.185
VIOL_LAG10      0.3718      0.149      2.491      0.013       0.079       0.664
VIOL_LAG100     0.2349      0.173      1.362      0.173      -0.103       0.573
VIOL_LAG101     0.1085      0.176      0.615      0.538      -0.237       0.454
VIOL_LAG102     0.1058      0.175      0.603      0.546      -0.238       0.449
VIOL_LAG103    -0.0692      0.174     -0.397      0.691      -0.411       0.272
VIOL_LAG104    -0.0233      0.181     -0.128      0.898      -0.379       0.332
VIOL_LAG105     0.4279      0.171      2.509      0.012       0.094       0.762
VIOL_LAG106    -0.0180      0.179     -0.101      0.920      -0.369       0.333
VIOL_LAG107    -0.2409      0.186     -1.294      0.196      -0.606       0.124
VIOL_LAG108     0.1730      0.174      0.997      0.319      -0.167       0.513
VIOL_LAG109    -0.0178      0.184     -0.097      0.923      -0.378       0.342
VIOL_LAG11      0.4760      0.147      3.233      0.001       0.187       0.765
VIOL_LAG110     0.0942      0.178      0.530      0.596      -0.254       0.443
VIOL_LAG111     0.0378      0.179      0.211      0.833      -0.313       0.389
VIOL_LAG112     0.1436      0.178      0.806      0.420      -0.206       0.493
VIOL_LAG113     0.0387      0.181      0.213      0.831      -0.317       0.394
VIOL_LAG114     0.0424      0.177      0.239      0.811      -0.305       0.390
VIOL_LAG115     0.0840      0.175      0.480      0.632      -0.259       0.427
VIOL_LAG116     0.3722      0.170      2.193      0.028       0.039       0.705
VIOL_LAG117     0.0135      0.184      0.074      0.941      -0.347       0.374
VIOL_LAG118     0.0336      0.182      0.185      0.853      -0.322       0.389
VIOL_LAG119    -0.0162      0.185     -0.088      0.930      -0.378       0.345
VIOL_LAG12      0.1803      0.152      1.188      0.235      -0.117       0.478
VIOL_LAG120    -0.1708      0.184     -0.930      0.353      -0.531       0.189
VIOL_LAG13      0.5585      0.146      3.826      0.000       0.272       0.845
VIOL_LAG14      0.1053      0.155      0.677      0.498      -0.199       0.410
VIOL_LAG15      0.3703      0.149      2.491      0.013       0.079       0.662
VIOL_LAG16      0.1479      0.153      0.965      0.334      -0.152       0.448
VIOL_LAG17     -0.1692      0.158     -1.068      0.286      -0.480       0.141
VIOL_LAG18      0.3015      0.153      1.974      0.048       0.002       0.601
VIOL_LAG19      0.1410      0.155      0.908      0.364      -0.163       0.445
VIOL_LAG2       0.3510      0.148      2.373      0.018       0.061       0.641
VIOL_LAG20      0.1461      0.154      0.947      0.343      -0.156       0.448
VIOL_LAG21      0.1057      0.158      0.670      0.503      -0.203       0.415
VIOL_LAG22      0.0751      0.157      0.478      0.632      -0.233       0.383
VIOL_LAG23     -0.0475      0.162     -0.293      0.769      -0.365       0.270
VIOL_LAG24     -0.0935      0.161     -0.580      0.562      -0.409       0.222
VIOL_LAG25      0.0626      0.158      0.397      0.692      -0.247       0.372
VIOL_LAG26      0.1208      0.160      0.756      0.450      -0.192       0.434
VIOL_LAG27      0.0559      0.159      0.351      0.726      -0.256       0.368
VIOL_LAG28     -0.0196      0.163     -0.120      0.904      -0.340       0.301
VIOL_LAG29      0.2341      0.156      1.498      0.134      -0.072       0.540
VIOL_LAG3       0.5138      0.147      3.506      0.000       0.227       0.801
VIOL_LAG30      0.1646      0.159      1.032      0.302      -0.148       0.477
VIOL_LAG31      0.3266      0.156      2.089      0.037       0.020       0.633
VIOL_LAG32     -0.0512      0.164     -0.312      0.755      -0.373       0.270
VIOL_LAG33      0.1862      0.158      1.175      0.240      -0.124       0.497
VIOL_LAG34      0.1134      0.161      0.703      0.482      -0.203       0.429
VIOL_LAG35     -0.0067      0.162     -0.041      0.967      -0.325       0.312
VIOL_LAG36      0.0691      0.160      0.433      0.665      -0.244       0.382
VIOL_LAG37     -0.0162      0.164     -0.099      0.921      -0.338       0.306
VIOL_LAG38      0.0015      0.168      0.009      0.993      -0.328       0.331
VIOL_LAG39      0.0340      0.164      0.207      0.836      -0.288       0.356
VIOL_LAG4       0.5490      0.146      3.757      0.000       0.263       0.835
VIOL_LAG40     -0.0404      0.167     -0.242      0.809      -0.368       0.287
VIOL_LAG41     -0.0415      0.165     -0.252      0.801      -0.364       0.281
VIOL_LAG42      0.2363      0.161      1.468      0.142      -0.079       0.552
VIOL_LAG43      0.1644      0.161      1.023      0.306      -0.151       0.479
VIOL_LAG44     -0.2263      0.168     -1.350      0.177      -0.555       0.102
VIOL_LAG45      0.0634      0.165      0.384      0.701      -0.260       0.387
VIOL_LAG46      0.3767      0.159      2.367      0.018       0.065       0.689
VIOL_LAG47      0.4833      0.155      3.116      0.002       0.179       0.787
VIOL_LAG48      0.1169      0.162      0.721      0.471      -0.201       0.435
VIOL_LAG49      0.4080      0.159      2.573      0.010       0.097       0.719
VIOL_LAG5       0.2354      0.152      1.553      0.120      -0.062       0.532
VIOL_LAG50     -0.2312      0.172     -1.343      0.179      -0.569       0.106
VIOL_LAG51      0.1693      0.163      1.036      0.300      -0.151       0.490
VIOL_LAG52     -0.1794      0.171     -1.052      0.293      -0.514       0.155
VIOL_LAG53      0.2934      0.160      1.830      0.067      -0.021       0.608
VIOL_LAG54     -0.0508      0.171     -0.297      0.766      -0.386       0.284
VIOL_LAG55      0.2559      0.162      1.583      0.114      -0.061       0.573
VIOL_LAG56     -0.0513      0.167     -0.307      0.759      -0.379       0.276
VIOL_LAG57      0.2810      0.162      1.731      0.083      -0.037       0.599
VIOL_LAG58      0.1054      0.164      0.643      0.520      -0.216       0.427
VIOL_LAG59     -0.1410      0.171     -0.824      0.410      -0.476       0.194
VIOL_LAG6       0.5239      0.147      3.559      0.000       0.235       0.812
VIOL_LAG60      0.3379      0.162      2.090      0.037       0.021       0.655
VIOL_LAG61     -0.1354      0.170     -0.795      0.427      -0.469       0.198
VIOL_LAG62     -0.0800      0.169     -0.475      0.635      -0.411       0.250
VIOL_LAG63     -0.2561      0.173     -1.479      0.139      -0.596       0.083
VIOL_LAG64     -0.1005      0.169     -0.593      0.553      -0.433       0.232
VIOL_LAG65      0.2183      0.167      1.307      0.191      -0.109       0.546
VIOL_LAG66      0.1945      0.166      1.173      0.241      -0.131       0.520
VIOL_LAG67      0.0462      0.171      0.270      0.787      -0.289       0.382
VIOL_LAG68     -0.1835      0.181     -1.011      0.312      -0.539       0.172
VIOL_LAG69     -0.0348      0.171     -0.204      0.839      -0.369       0.300
VIOL_LAG7       0.0330      0.153      0.215      0.830      -0.267       0.333
VIOL_LAG70      0.3495      0.163      2.148      0.032       0.031       0.668
VIOL_LAG71     -0.0558      0.174     -0.320      0.749      -0.397       0.286
VIOL_LAG72     -0.0633      0.176     -0.360      0.719      -0.408       0.281
VIOL_LAG73      0.0415      0.167      0.248      0.804      -0.286       0.369
VIOL_LAG74      0.3441      0.166      2.076      0.038       0.019       0.669
VIOL_LAG75     -0.2578      0.177     -1.460      0.144      -0.604       0.088
VIOL_LAG76     -0.4152      0.183     -2.275      0.023      -0.773      -0.058
VIOL_LAG77     -0.2905      0.181     -1.606      0.108      -0.645       0.064
VIOL_LAG78      0.0811      0.172      0.473      0.637      -0.255       0.417
VIOL_LAG79     -0.1405      0.179     -0.784      0.433      -0.492       0.211
VIOL_LAG8       0.0062      0.156      0.040      0.968      -0.299       0.312
VIOL_LAG80      0.0681      0.173      0.394      0.693      -0.270       0.406
VIOL_LAG81      0.1784      0.169      1.054      0.292      -0.153       0.510
VIOL_LAG82     -0.2975      0.188     -1.583      0.113      -0.666       0.071
VIOL_LAG83      0.1558      0.169      0.921      0.357      -0.176       0.487
VIOL_LAG84      0.1697      0.170      1.000      0.317      -0.163       0.502
VIOL_LAG85      0.2599      0.170      1.529      0.126      -0.073       0.593
VIOL_LAG86      0.2896      0.170      1.703      0.088      -0.044       0.623
VIOL_LAG87      0.0443      0.175      0.253      0.800      -0.299       0.387
VIOL_LAG88     -0.0255      0.173     -0.147      0.883      -0.365       0.314
VIOL_LAG89      0.1128      0.174      0.650      0.516      -0.227       0.453
VIOL_LAG9       0.1923      0.154      1.246      0.213      -0.110       0.495
VIOL_LAG90      0.0325      0.178      0.182      0.855      -0.317       0.382
VIOL_LAG91      0.2459      0.166      1.483      0.138      -0.079       0.571
VIOL_LAG92     -0.1889      0.181     -1.044      0.297      -0.544       0.166
VIOL_LAG93      0.2236      0.175      1.278      0.201      -0.119       0.567
VIOL_LAG94      0.0966      0.170      0.567      0.571      -0.237       0.431
VIOL_LAG95      0.0773      0.176      0.438      0.661      -0.268       0.423
VIOL_LAG96      0.0388      0.175      0.222      0.825      -0.304       0.382
VIOL_LAG97     -0.0787      0.184     -0.429      0.668      -0.439       0.281
VIOL_LAG98     -0.0334      0.182     -0.183      0.855      -0.391       0.324
VIOL_LAG99     -0.0292      0.177     -0.165      0.869      -0.376       0.318
VOL_LAG1     9.522e-08   8.62e-08      1.105      0.269   -7.37e-08    2.64e-07
VOL_LAG10   -7.761e-08   1.75e-07     -0.443      0.658   -4.21e-07    2.66e-07
VOL_LAG100  -1.243e-07   2.57e-07     -0.484      0.628   -6.27e-07    3.79e-07
VOL_LAG101   3.248e-08   1.77e-07      0.183      0.855   -3.15e-07     3.8e-07
VOL_LAG102  -3.295e-08   2.09e-07     -0.158      0.874   -4.42e-07    3.76e-07
VOL_LAG103  -2.127e-07   2.91e-07     -0.731      0.465   -7.83e-07    3.58e-07
VOL_LAG104   5.712e-08    1.6e-07      0.357      0.721   -2.56e-07     3.7e-07
VOL_LAG105  -1.167e-07   2.62e-07     -0.445      0.656    -6.3e-07    3.97e-07
VOL_LAG106  -6.509e-08   2.28e-07     -0.286      0.775   -5.11e-07    3.81e-07
VOL_LAG107  -5.271e-08   2.02e-07     -0.261      0.794   -4.49e-07    3.43e-07
VOL_LAG108  -9.852e-08   2.34e-07     -0.421      0.674   -5.57e-07     3.6e-07
VOL_LAG109   9.143e-08   1.29e-07      0.707      0.480   -1.62e-07    3.45e-07
VOL_LAG11    1.303e-07   9.79e-08      1.330      0.183   -6.17e-08    3.22e-07
VOL_LAG110   7.145e-09   1.83e-07      0.039      0.969   -3.51e-07    3.65e-07
VOL_LAG111  -1.621e-07   2.83e-07     -0.573      0.566   -7.16e-07    3.92e-07
VOL_LAG112  -2.815e-07   3.78e-07     -0.746      0.456   -1.02e-06    4.58e-07
VOL_LAG113    1.57e-07   1.12e-07      1.408      0.159   -6.16e-08    3.76e-07
VOL_LAG114  -1.423e-07   2.58e-07     -0.552      0.581   -6.47e-07    3.63e-07
VOL_LAG115  -6.302e-08   2.14e-07     -0.295      0.768   -4.82e-07    3.56e-07
VOL_LAG116  -5.599e-08   2.13e-07     -0.262      0.793   -4.74e-07    3.62e-07
VOL_LAG117   2.019e-08   1.45e-07      0.139      0.889   -2.64e-07    3.05e-07
VOL_LAG118     1.1e-07   1.27e-07      0.865      0.387   -1.39e-07    3.59e-07
VOL_LAG119   -1.32e-07    2.6e-07     -0.507      0.612   -6.42e-07    3.78e-07
VOL_LAG12    7.455e-08   1.23e-07      0.607      0.544   -1.66e-07    3.15e-07
VOL_LAG120  -8.952e-08   1.94e-07     -0.460      0.645   -4.71e-07    2.92e-07
VOL_LAG13    8.712e-08   1.03e-07      0.848      0.396   -1.14e-07    2.88e-07
VOL_LAG14    9.245e-08   1.26e-07      0.733      0.464   -1.55e-07     3.4e-07
VOL_LAG15    2.787e-08   1.34e-07      0.208      0.835   -2.35e-07     2.9e-07
VOL_LAG16    1.155e-07   1.21e-07      0.955      0.340   -1.22e-07    3.52e-07
VOL_LAG17   -1.523e-07   2.26e-07     -0.674      0.500   -5.95e-07    2.91e-07
VOL_LAG18    9.076e-09    1.7e-07      0.053      0.957   -3.24e-07    3.42e-07
VOL_LAG19    7.684e-08   1.31e-07      0.587      0.557    -1.8e-07    3.33e-07
VOL_LAG2     2.374e-07   7.41e-08      3.203      0.001    9.21e-08    3.83e-07
VOL_LAG20   -4.582e-08    1.6e-07     -0.287      0.774   -3.59e-07    2.67e-07
VOL_LAG21   -7.909e-08   1.97e-07     -0.401      0.688   -4.66e-07    3.07e-07
VOL_LAG22   -1.085e-07   2.19e-07     -0.496      0.620   -5.37e-07     3.2e-07
VOL_LAG23    1.503e-07   1.14e-07      1.323      0.186   -7.24e-08    3.73e-07
VOL_LAG24    2.468e-08    1.6e-07      0.155      0.877   -2.88e-07    3.37e-07
VOL_LAG25    6.442e-08   1.27e-07      0.508      0.611   -1.84e-07    3.13e-07
VOL_LAG26    1.942e-09   1.68e-07      0.012      0.991   -3.27e-07    3.31e-07
VOL_LAG27   -1.325e-07   2.41e-07     -0.549      0.583   -6.05e-07     3.4e-07
VOL_LAG28   -7.144e-08   2.27e-07     -0.315      0.753   -5.16e-07    3.73e-07
VOL_LAG29   -6.886e-08    2.1e-07     -0.329      0.743    -4.8e-07    3.42e-07
VOL_LAG3      9.89e-08   9.04e-08      1.094      0.274   -7.83e-08    2.76e-07
VOL_LAG30    1.451e-07   1.16e-07      1.247      0.213    -8.3e-08    3.73e-07
VOL_LAG31   -7.696e-08   2.26e-07     -0.340      0.733    -5.2e-07    3.66e-07
VOL_LAG32   -1.071e-07   2.45e-07     -0.437      0.662   -5.88e-07    3.74e-07
VOL_LAG33   -1.615e-07   2.69e-07     -0.600      0.548   -6.89e-07    3.66e-07
VOL_LAG34   -1.754e-07   2.69e-07     -0.653      0.514   -7.02e-07    3.51e-07
VOL_LAG35   -6.476e-08   2.24e-07     -0.289      0.772   -5.03e-07    3.74e-07
VOL_LAG36    9.934e-08   1.31e-07      0.760      0.447   -1.57e-07    3.56e-07
VOL_LAG37   -3.132e-09   1.72e-07     -0.018      0.985    -3.4e-07    3.34e-07
VOL_LAG38    1.381e-07   1.16e-07      1.191      0.234   -8.91e-08    3.65e-07
VOL_LAG39   -2.357e-07   3.24e-07     -0.728      0.466    -8.7e-07    3.99e-07
VOL_LAG4     2.935e-08   1.05e-07      0.278      0.781   -1.77e-07    2.36e-07
VOL_LAG40   -1.021e-07   2.38e-07     -0.429      0.668   -5.69e-07    3.65e-07
VOL_LAG41    1.226e-07   1.35e-07      0.908      0.364   -1.42e-07    3.87e-07
VOL_LAG42   -3.845e-07   3.71e-07     -1.037      0.300   -1.11e-06    3.42e-07
VOL_LAG43    2.122e-07   1.02e-07      2.072      0.038    1.15e-08    4.13e-07
VOL_LAG44   -8.706e-08   2.44e-07     -0.357      0.721   -5.65e-07    3.91e-07
VOL_LAG45   -7.131e-07   4.43e-07     -1.608      0.108   -1.58e-06    1.56e-07
VOL_LAG46   -1.157e-07    2.3e-07     -0.502      0.616   -5.67e-07    3.36e-07
VOL_LAG47    1.384e-07   1.22e-07      1.132      0.258   -1.01e-07    3.78e-07
VOL_LAG48    9.286e-08   1.25e-07      0.745      0.456   -1.52e-07    3.37e-07
VOL_LAG49   -1.686e-07   2.62e-07     -0.645      0.519   -6.81e-07    3.44e-07
VOL_LAG5     2.103e-08   1.19e-07      0.176      0.860   -2.13e-07    2.55e-07
VOL_LAG50   -4.892e-08   1.99e-07     -0.245      0.806    -4.4e-07    3.42e-07
VOL_LAG51   -8.646e-08      2e-07     -0.431      0.666   -4.79e-07    3.07e-07
VOL_LAG52    1.328e-07   1.18e-07      1.127      0.260   -9.81e-08    3.64e-07
VOL_LAG53   -2.126e-07   2.94e-07     -0.723      0.470   -7.89e-07    3.64e-07
VOL_LAG54    1.233e-07   1.14e-07      1.080      0.280   -1.01e-07    3.47e-07
VOL_LAG55    2.984e-08   1.35e-07      0.222      0.825   -2.34e-07    2.94e-07
VOL_LAG56    6.968e-08   1.26e-07      0.552      0.581   -1.78e-07    3.17e-07
VOL_LAG57    -1.23e-08    1.7e-07     -0.072      0.942   -3.45e-07    3.21e-07
VOL_LAG58    8.454e-10   1.88e-07      0.004      0.996   -3.68e-07     3.7e-07
VOL_LAG59   -7.017e-08      2e-07     -0.351      0.726   -4.62e-07    3.22e-07
VOL_LAG6     3.467e-08   1.07e-07      0.323      0.747   -1.76e-07    2.45e-07
VOL_LAG60    1.521e-07      1e-07      1.519      0.129   -4.42e-08    3.48e-07
VOL_LAG61    6.171e-08   1.32e-07      0.469      0.639   -1.96e-07     3.2e-07
VOL_LAG62    5.075e-08   1.38e-07      0.368      0.713    -2.2e-07    3.21e-07
VOL_LAG63   -5.406e-08   2.09e-07     -0.258      0.796   -4.65e-07    3.57e-07
VOL_LAG64    4.968e-08   1.48e-07      0.336      0.737    -2.4e-07    3.39e-07
VOL_LAG65   -3.443e-08   2.07e-07     -0.166      0.868    -4.4e-07    3.71e-07
VOL_LAG66    1.056e-07   1.29e-07      0.817      0.414   -1.48e-07    3.59e-07
VOL_LAG67    2.341e-07   1.21e-07      1.929      0.054    -3.8e-09    4.72e-07
VOL_LAG68   -5.798e-07   4.58e-07     -1.266      0.205   -1.48e-06    3.18e-07
VOL_LAG69   -7.226e-08   2.22e-07     -0.325      0.745   -5.08e-07    3.64e-07
VOL_LAG7     3.663e-08   1.14e-07      0.322      0.748   -1.87e-07     2.6e-07
VOL_LAG70   -3.857e-08   2.53e-07     -0.153      0.879   -5.34e-07    4.57e-07
VOL_LAG71   -4.288e-07   4.04e-07     -1.062      0.288   -1.22e-06    3.62e-07
VOL_LAG72    2.033e-08   1.71e-07      0.119      0.905   -3.15e-07    3.56e-07
VOL_LAG73    1.346e-07   1.26e-07      1.068      0.285   -1.12e-07    3.82e-07
VOL_LAG74    3.423e-08   1.88e-07      0.182      0.856   -3.35e-07    4.03e-07
VOL_LAG75   -2.486e-07   3.39e-07     -0.734      0.463   -9.12e-07    4.15e-07
VOL_LAG76   -3.473e-08   1.86e-07     -0.187      0.852   -3.99e-07    3.29e-07
VOL_LAG77    8.494e-08   1.54e-07      0.552      0.581   -2.17e-07    3.87e-07
VOL_LAG78   -7.982e-08   2.27e-07     -0.351      0.725   -5.25e-07    3.65e-07
VOL_LAG79    -1.14e-07   2.43e-07     -0.469      0.639    -5.9e-07    3.62e-07
VOL_LAG8     9.117e-09   1.21e-07      0.075      0.940   -2.28e-07    2.46e-07
VOL_LAG80    1.528e-07   1.15e-07      1.330      0.184   -7.24e-08    3.78e-07
VOL_LAG81   -1.174e-08   1.95e-07     -0.060      0.952   -3.93e-07     3.7e-07
VOL_LAG82   -1.058e-07   2.66e-07     -0.398      0.691   -6.26e-07    4.15e-07
VOL_LAG83    7.628e-09    1.7e-07      0.045      0.964   -3.26e-07    3.41e-07
VOL_LAG84     1.01e-07   1.45e-07      0.697      0.486   -1.83e-07    3.85e-07
VOL_LAG85   -1.251e-08   2.25e-07     -0.056      0.956   -4.54e-07    4.29e-07
VOL_LAG86   -6.096e-07   5.14e-07     -1.187      0.235   -1.62e-06    3.97e-07
VOL_LAG87   -1.501e-07   3.15e-07     -0.477      0.634   -7.67e-07    4.67e-07
VOL_LAG88   -1.297e-07   2.59e-07     -0.501      0.617   -6.38e-07    3.78e-07
VOL_LAG89    6.764e-08   1.51e-07      0.448      0.654   -2.28e-07    3.64e-07
VOL_LAG9     1.209e-07   1.01e-07      1.200      0.230   -7.66e-08    3.18e-07
VOL_LAG90   -1.383e-09   1.81e-07     -0.008      0.994   -3.57e-07    3.54e-07
VOL_LAG91   -2.209e-08   2.15e-07     -0.103      0.918   -4.43e-07    3.99e-07
VOL_LAG92   -3.251e-07   4.33e-07     -0.750      0.453   -1.17e-06    5.24e-07
VOL_LAG93    8.844e-08   1.51e-07      0.587      0.557   -2.07e-07    3.84e-07
VOL_LAG94   -1.896e-09   2.07e-07     -0.009      0.993   -4.08e-07    4.04e-07
VOL_LAG95   -5.085e-08   2.15e-07     -0.236      0.813   -4.72e-07    3.71e-07
VOL_LAG96     1.79e-08   1.94e-07      0.092      0.927   -3.63e-07    3.99e-07
VOL_LAG97   -2.593e-07   4.09e-07     -0.633      0.527   -1.06e-06    5.43e-07
VOL_LAG98   -2.841e-07    4.3e-07     -0.661      0.509   -1.13e-06    5.59e-07
VOL_LAG99   -1.515e-07   3.05e-07     -0.497      0.619   -7.49e-07    4.46e-07
===============================================================================