                 Generalized Linear Model Regression Results                  
==============================================================================
Dep. Variable:                      Y   No. Observations:                15172
Model:                            GLM   Df Residuals:                    15111
Model Family:                Binomial   Df Model:                           60
Link Function:                  Logit   Scale:                          1.0000
Method:                          IRLS   Log-Likelihood:                -3321.2
Date:                Sun, 24 Mar 2024   Deviance:                       6642.3
Time:                        20:56:01   Pearson chi2:                 1.45e+04
No. Iterations:                     6   Pseudo R-squ. (CS):            0.03750
Covariance Type:            nonrobust                                         
==============================================================================
                 coef    std err          z      P>|z|      [0.025      0.975]
------------------------------------------------------------------------------
Intercept     -3.3761      0.052    -64.503      0.000      -3.479      -3.273
VIOL_LAG1      0.4320      0.107      4.026      0.000       0.222       0.642
VIOL_LAG10     0.3418      0.109      3.134      0.002       0.128       0.555
VIOL_LAG11     0.4065      0.107      3.788      0.000       0.196       0.617
VIOL_LAG12     0.2670      0.110      2.416      0.016       0.050       0.484
VIOL_LAG13     0.4419      0.107      4.140      0.000       0.233       0.651
VIOL_LAG14     0.1252      0.114      1.097      0.273      -0.099       0.349
VIOL_LAG15     0.4705      0.106      4.425      0.000       0.262       0.679
VIOL_LAG16     0.1371      0.114      1.203      0.229      -0.086       0.360
VIOL_LAG17     0.1071      0.115      0.928      0.353      -0.119       0.333
VIOL_LAG18     0.2086      0.113      1.840      0.066      -0.014       0.431
VIOL_LAG19     0.1657      0.114      1.452      0.147      -0.058       0.390
VIOL_LAG2      0.4071      0.107      3.797      0.000       0.197       0.617
VIOL_LAG20     0.2952      0.112      2.647      0.008       0.077       0.514
VIOL_LAG21     0.1267      0.116      1.096      0.273      -0.100       0.353
VIOL_LAG22     0.1977      0.114      1.729      0.084      -0.026       0.422
VIOL_LAG23    -0.0076      0.120     -0.063      0.950      -0.243       0.228
VIOL_LAG24     0.0228      0.120      0.191      0.849      -0.212       0.257
VIOL_LAG25     0.1110      0.117      0.946      0.344      -0.119       0.341
VIOL_LAG26     0.1294      0.117      1.111      0.267      -0.099       0.358
VIOL_LAG27     0.2727      0.114      2.395      0.017       0.050       0.496
VIOL_LAG28    -0.0220      0.121     -0.181      0.856      -0.260       0.216
VIOL_LAG29     0.3065      0.113      2.705      0.007       0.084       0.529
VIOL_LAG3      0.3237      0.109      2.959      0.003       0.109       0.538
VIOL_LAG30     0.1443      0.117      1.232      0.218      -0.085       0.374
VIOL_LAG4      0.3448      0.109      3.172      0.002       0.132       0.558
VIOL_LAG5      0.2495      0.111      2.249      0.025       0.032       0.467
VIOL_LAG6      0.3691      0.108      3.403      0.001       0.157       0.582
VIOL_LAG7      0.2949      0.110      2.691      0.007       0.080       0.510
VIOL_LAG8      0.1757      0.113      1.550      0.121      -0.047       0.398
VIOL_LAG9      0.1454      0.114      1.280      0.201      -0.077       0.368
VOL_LAG1    9.502e-08   7.62e-08      1.248      0.212   -5.42e-08    2.44e-07
VOL_LAG10  -6.298e-08   1.37e-07     -0.459      0.646   -3.32e-07    2.06e-07
VOL_LAG11   8.707e-08   9.15e-08      0.952      0.341   -9.22e-08    2.66e-07
VOL_LAG12   4.876e-08   1.08e-07      0.453      0.651   -1.62e-07     2.6e-07
VOL_LAG13   7.524e-08   9.52e-08      0.791      0.429   -1.11e-07    2.62e-07
VOL_LAG14   3.107e-08   1.13e-07      0.274      0.784   -1.91e-07    2.53e-07
VOL_LAG15  -7.351e-09   1.25e-07     -0.059      0.953   -2.51e-07    2.37e-07
VOL_LAG16   8.917e-08   1.08e-07      0.827      0.408   -1.22e-07       3e-07
VOL_LAG17  -1.594e-07   2.07e-07     -0.770      0.441   -5.65e-07    2.46e-07
VOL_LAG18  -4.089e-08   1.51e-07     -0.271      0.787   -3.37e-07    2.55e-07
VOL_LAG19   6.881e-08   1.17e-07      0.589      0.556    -1.6e-07    2.98e-07
VOL_LAG2    2.098e-07   6.83e-08      3.070      0.002    7.58e-08    3.44e-07
VOL_LAG20  -2.408e-08   1.49e-07     -0.161      0.872   -3.17e-07    2.69e-07
VOL_LAG21  -3.269e-08    1.6e-07     -0.205      0.838   -3.46e-07     2.8e-07
VOL_LAG22  -1.451e-07   2.01e-07     -0.723      0.470   -5.39e-07    2.48e-07
VOL_LAG23   1.096e-07   1.04e-07      1.053      0.293   -9.45e-08    3.14e-07
VOL_LAG24  -3.209e-08   1.51e-07     -0.213      0.831   -3.27e-07    2.63e-07
VOL_LAG25   2.476e-08   1.26e-07      0.197      0.844   -2.22e-07    2.71e-07
VOL_LAG26   1.577e-08   1.39e-07      0.113      0.910   -2.58e-07    2.89e-07
VOL_LAG27  -9.963e-08   1.92e-07     -0.520      0.603   -4.75e-07    2.76e-07
VOL_LAG28  -7.078e-08   1.79e-07     -0.396      0.692   -4.21e-07    2.79e-07
VOL_LAG29  -9.294e-08   1.77e-07     -0.524      0.600    -4.4e-07    2.55e-07
VOL_LAG3    9.499e-08    8.1e-08      1.173      0.241   -6.37e-08    2.54e-07
VOL_LAG30   1.129e-07   1.02e-07      1.105      0.269   -8.74e-08    3.13e-07
VOL_LAG4    3.444e-08    9.3e-08      0.370      0.711   -1.48e-07    2.17e-07
VOL_LAG5    2.246e-08   1.02e-07      0.221      0.825   -1.77e-07    2.22e-07
VOL_LAG6    5.173e-08   9.32e-08      0.555      0.579   -1.31e-07    2.34e-07
VOL_LAG7    2.713e-08   1.07e-07      0.254      0.799   -1.82e-07    2.36e-07
VOL_LAG8    1.618e-08   1.06e-07      0.153      0.878   -1.91e-07    2.23e-07
VOL_LAG9    8.899e-08   9.19e-08      0.969      0.333   -9.11e-08    2.69e-07
==============================================================================