                 Generalized Linear Model Regression Results                  
==============================================================================
Dep. Variable:                      Y   No. Observations:                15508
Model:                            GLM   Df Residuals:                    15387
Model Family:                Binomial   Df Model:                          120
Link Function:                  Logit   Scale:                          1.0000
Method:                          IRLS   Log-Likelihood:                -3054.3
Date:                Sun, 17 Mar 2024   Deviance:                       6108.6
Time:                        19:23:59   Pearson chi2:                 1.53e+04
No. Iterations:                     7   Pseudo R-squ. (CS):            0.02333
Covariance Type:            nonrobust                                         
==============================================================================
                 coef    std err          z      P>|z|      [0.025      0.975]
------------------------------------------------------------------------------
Intercept     -3.3142      0.055    -59.749      0.000      -3.423      -3.205
RET_LAG1     -60.8205     33.766     -1.801      0.072    -127.001       5.360
RET_LAG10    -12.0564     33.168     -0.363      0.716     -77.065      52.952
RET_LAG11     -0.2313     32.841     -0.007      0.994     -64.598      64.136
RET_LAG12    -38.0851     32.858     -1.159      0.246    -102.485      26.315
RET_LAG13     13.3133     32.904      0.405      0.686     -51.177      77.804
RET_LAG14     -9.4856     33.115     -0.286      0.775     -74.389      55.418
RET_LAG15      1.7499     33.358      0.052      0.958     -63.631      67.131
RET_LAG16     44.9416     33.208      1.353      0.176     -20.145     110.028
RET_LAG17    -16.0640     33.905     -0.474      0.636     -82.517      50.389
RET_LAG18    -27.0998     33.826     -0.801      0.423     -93.397      39.198
RET_LAG19    -21.7875     34.148     -0.638      0.523     -88.716      45.141
RET_LAG2     -72.1566     33.729     -2.139      0.032    -138.264      -6.049
RET_LAG20    -10.9214     34.012     -0.321      0.748     -77.584      55.742
RET_LAG21    -14.5367     34.263     -0.424      0.671     -81.691      52.618
RET_LAG22     -0.9791     34.060     -0.029      0.977     -67.735      65.777
RET_LAG23    107.3319     32.636      3.289      0.001      43.367     171.297
RET_LAG24      0.7201     34.475      0.021      0.983     -66.850      68.290
RET_LAG25     27.1199     33.049      0.821      0.412     -37.656      91.895
RET_LAG26    -39.3172     34.191     -1.150      0.250    -106.329      27.695
RET_LAG27     68.7638     34.352      2.002      0.045       1.435     136.093
RET_LAG28     -1.6140     34.131     -0.047      0.962     -68.509      65.281
RET_LAG29    -10.1083     34.925     -0.289      0.772     -78.560      58.343
RET_LAG3     -98.3519     33.721     -2.917      0.004    -164.444     -32.260
RET_LAG30     51.0172     33.768      1.511      0.131     -15.166     117.200
RET_LAG31     15.9793     35.203      0.454      0.650     -53.018      84.977
RET_LAG32    -30.6746     35.482     -0.865      0.387    -100.218      38.869
RET_LAG33     50.5529     34.565      1.463      0.144     -17.193     118.299
RET_LAG34    -62.8665     35.732     -1.759      0.079    -132.900       7.167
RET_LAG35     13.3139     34.859      0.382      0.703     -55.009      81.637
RET_LAG36     25.8128     35.009      0.737      0.461     -42.804      94.430
RET_LAG37    -29.4047     35.590     -0.826      0.409     -99.160      40.351
RET_LAG38     40.6952     34.508      1.179      0.238     -26.938     108.329
RET_LAG39     26.9682     35.374      0.762      0.446     -42.363      96.300
RET_LAG4     -15.7367     33.959     -0.463      0.643     -82.296      50.822
RET_LAG40     50.9189     34.496      1.476      0.140     -16.691     118.529
RET_LAG41    -50.4527     34.737     -1.452      0.146    -118.536      17.631
RET_LAG42    -33.0618     35.836     -0.923      0.356    -103.300      37.176
RET_LAG43     64.2263     34.846      1.843      0.065      -4.072     132.524
RET_LAG44    -49.9596     35.302     -1.415      0.157    -119.150      19.230
RET_LAG45    -39.0554     35.317     -1.106      0.269    -108.276      30.165
RET_LAG46    -30.0586     35.530     -0.846      0.398     -99.697      39.579
RET_LAG47    -28.5332     35.634     -0.801      0.423     -98.374      41.307
RET_LAG48    -21.7325     35.676     -0.609      0.542     -91.656      48.191
RET_LAG49     50.8527     35.793      1.421      0.155     -19.299     121.005
RET_LAG5      -9.4492     33.810     -0.279      0.780     -75.716      56.818
RET_LAG50   -106.6588     34.849     -3.061      0.002    -174.962     -38.355
RET_LAG51    -15.4180     36.175     -0.426      0.670     -86.320      55.484
RET_LAG52    -32.6106     36.033     -0.905      0.365    -103.234      38.013
RET_LAG53    -64.0407     35.411     -1.808      0.071    -133.446       5.364
RET_LAG54     32.0423     36.574      0.876      0.381     -39.641     103.726
RET_LAG55      0.2480     35.651      0.007      0.994     -69.626      70.122
RET_LAG56    -28.9401     36.206     -0.799      0.424     -99.902      42.021
RET_LAG57     -3.6816     36.607     -0.101      0.920     -75.431      68.067
RET_LAG58     12.0472     35.810      0.336      0.737     -58.139      82.234
RET_LAG59    -58.6000     35.883     -1.633      0.102    -128.930      11.730
RET_LAG6     -43.8337     33.587     -1.305      0.192    -109.662      21.995
RET_LAG60    126.5642     33.647      3.761      0.000      60.617     192.512
RET_LAG7     -72.0028     34.004     -2.117      0.034    -138.650      -5.356
RET_LAG8      85.7072     32.327      2.651      0.008      22.347     149.067
RET_LAG9     -25.2364     32.730     -0.771      0.441     -89.386      38.913
VOL_LAG1    4.556e-07   8.19e-08      5.563      0.000    2.95e-07    6.16e-07
VOL_LAG10    2.77e-07   9.05e-08      3.060      0.002    9.96e-08    4.54e-07
VOL_LAG11   3.241e-08   1.29e-07      0.251      0.802   -2.21e-07    2.86e-07
VOL_LAG12   1.352e-07   1.07e-07      1.265      0.206   -7.42e-08    3.45e-07
VOL_LAG13   1.977e-07   1.02e-07      1.935      0.053   -2.56e-09    3.98e-07
VOL_LAG14   7.829e-08   1.31e-07      0.597      0.551   -1.79e-07    3.35e-07
VOL_LAG15   1.185e-07   1.16e-07      1.020      0.308   -1.09e-07    3.46e-07
VOL_LAG16   4.147e-08   1.36e-07      0.306      0.760   -2.25e-07    3.07e-07
VOL_LAG17   4.829e-08   1.39e-07      0.347      0.729   -2.25e-07    3.21e-07
VOL_LAG18   5.315e-08   1.43e-07      0.371      0.710   -2.27e-07    3.34e-07
VOL_LAG19   9.286e-08   1.18e-07      0.788      0.431   -1.38e-07    3.24e-07
VOL_LAG2    2.064e-07   8.62e-08      2.394      0.017    3.74e-08    3.75e-07
VOL_LAG20   9.898e-08   1.31e-07      0.755      0.450   -1.58e-07    3.56e-07
VOL_LAG21   6.308e-08   1.33e-07      0.474      0.636   -1.98e-07    3.24e-07
VOL_LAG22   3.063e-08   1.41e-07      0.217      0.828   -2.46e-07    3.07e-07
VOL_LAG23     1.3e-07   1.23e-07      1.056      0.291   -1.11e-07    3.71e-07
VOL_LAG24   1.183e-07    1.2e-07      0.983      0.326   -1.18e-07    3.54e-07
VOL_LAG25   2.956e-08   1.49e-07      0.199      0.843   -2.62e-07    3.21e-07
VOL_LAG26   1.747e-07   1.15e-07      1.523      0.128   -5.02e-08       4e-07
VOL_LAG27   6.215e-08   1.41e-07      0.440      0.660   -2.14e-07    3.39e-07
VOL_LAG28  -1.016e-07   2.15e-07     -0.472      0.637   -5.23e-07     3.2e-07
VOL_LAG29  -4.689e-08   1.91e-07     -0.245      0.806   -4.21e-07    3.28e-07
VOL_LAG3     1.61e-07   9.06e-08      1.777      0.076   -1.66e-08    3.39e-07
VOL_LAG30    1.31e-07   1.28e-07      1.020      0.308   -1.21e-07    3.83e-07
VOL_LAG31   1.779e-08   1.63e-07      0.109      0.913   -3.03e-07    3.38e-07
VOL_LAG32   7.848e-09   1.69e-07      0.047      0.963   -3.23e-07    3.38e-07
VOL_LAG33   4.141e-08   1.59e-07      0.260      0.795   -2.71e-07    3.54e-07
VOL_LAG34  -1.709e-08   1.77e-07     -0.096      0.923   -3.65e-07    3.31e-07
VOL_LAG35   9.384e-08   1.49e-07      0.631      0.528   -1.98e-07    3.85e-07
VOL_LAG36  -1.988e-08   1.82e-07     -0.109      0.913   -3.77e-07    3.38e-07
VOL_LAG37   2.121e-07   1.23e-07      1.728      0.084   -2.85e-08    4.53e-07
VOL_LAG38  -1.826e-07   2.56e-07     -0.713      0.476   -6.84e-07    3.19e-07
VOL_LAG39   1.339e-07   1.37e-07      0.976      0.329   -1.35e-07    4.03e-07
VOL_LAG4    2.451e-07   8.27e-08      2.963      0.003     8.3e-08    4.07e-07
VOL_LAG40  -9.715e-08   2.35e-07     -0.414      0.679   -5.57e-07    3.63e-07
VOL_LAG41   5.279e-08   1.67e-07      0.316      0.752   -2.74e-07     3.8e-07
VOL_LAG42  -8.431e-08    2.4e-07     -0.351      0.726   -5.56e-07    3.87e-07
VOL_LAG43  -2.539e-08   1.95e-07     -0.130      0.897   -4.08e-07    3.57e-07
VOL_LAG44   1.287e-08   1.82e-07      0.071      0.944   -3.44e-07     3.7e-07
VOL_LAG45   6.401e-08   1.64e-07      0.391      0.696   -2.57e-07    3.85e-07
VOL_LAG46   4.816e-08   1.67e-07      0.288      0.773   -2.79e-07    3.76e-07
VOL_LAG47   2.552e-08   1.96e-07      0.130      0.896   -3.58e-07    4.09e-07
VOL_LAG48  -5.185e-08   2.11e-07     -0.246      0.806   -4.65e-07    3.61e-07
VOL_LAG49   4.681e-08   1.81e-07      0.259      0.795   -3.07e-07    4.01e-07
VOL_LAG5    2.779e-07   8.46e-08      3.286      0.001    1.12e-07    4.44e-07
VOL_LAG50  -1.327e-07   2.69e-07     -0.494      0.622   -6.59e-07    3.94e-07
VOL_LAG51   6.526e-08   1.73e-07      0.376      0.707   -2.75e-07    4.05e-07
VOL_LAG52  -2.014e-07   3.02e-07     -0.667      0.505   -7.93e-07    3.91e-07
VOL_LAG53   4.198e-08   1.99e-07      0.211      0.833   -3.47e-07    4.31e-07
VOL_LAG54   -1.42e-07   2.65e-07     -0.535      0.592   -6.62e-07    3.78e-07
VOL_LAG55  -6.569e-08   2.14e-07     -0.307      0.759   -4.85e-07    3.54e-07
VOL_LAG56   1.173e-07    1.7e-07      0.691      0.489   -2.15e-07     4.5e-07
VOL_LAG57  -3.023e-07   3.26e-07     -0.928      0.353   -9.41e-07    3.36e-07
VOL_LAG58   1.711e-08      2e-07      0.086      0.932   -3.74e-07    4.09e-07
VOL_LAG59   -1.69e-07   2.59e-07     -0.652      0.514   -6.77e-07    3.39e-07
VOL_LAG6    1.953e-07   9.04e-08      2.159      0.031     1.8e-08    3.73e-07
VOL_LAG60   1.443e-07   1.28e-07      1.126      0.260   -1.07e-07    3.96e-07
VOL_LAG7    2.366e-07   8.85e-08      2.673      0.008    6.31e-08     4.1e-07
VOL_LAG8    1.542e-07   9.72e-08      1.586      0.113   -3.63e-08    3.45e-07
VOL_LAG9    2.003e-07   9.18e-08      2.181      0.029    2.03e-08     3.8e-07
==============================================================================