                 Generalized Linear Model Regression Results                  
==============================================================================
Dep. Variable:                      Y   No. Observations:                15172
Model:                            GLM   Df Residuals:                    15111
Model Family:                Binomial   Df Model:                           60
Link Function:                  Logit   Scale:                          1.0000
Method:                          IRLS   Log-Likelihood:                -3271.3
Date:                Sun, 17 Mar 2024   Deviance:                       6542.6
Time:                        18:46:01   Pearson chi2:                 1.46e+04
No. Iterations:                     6   Pseudo R-squ. (CS):            0.04380
Covariance Type:            nonrobust                                         
==============================================================================
                 coef    std err          z      P>|z|      [0.025      0.975]
------------------------------------------------------------------------------
Intercept     -3.4901      0.054    -65.188      0.000      -3.595      -3.385
RET_LAG1     268.4093     44.111      6.085      0.000     181.953     354.865
RET_LAG10     82.2241     46.504      1.768      0.077      -8.921     173.369
RET_LAG11    118.6385     45.867      2.587      0.010      28.740     208.537
RET_LAG12     35.4102     46.874      0.755      0.450     -56.461     127.282
RET_LAG13    109.9162     45.728      2.404      0.016      20.291     199.541
RET_LAG14     45.8642     46.304      0.991      0.322     -44.889     136.618
RET_LAG15     34.2859     46.789      0.733      0.464     -57.418     125.990
RET_LAG16     21.1962     45.997      0.461      0.645     -68.956     111.349
RET_LAG17    -41.0763     46.727     -0.879      0.379    -132.659      50.506
RET_LAG18     92.4285     45.314      2.040      0.041       3.615     181.242
RET_LAG19     97.3793     46.034      2.115      0.034       7.154     187.605
RET_LAG2      30.2301     47.556      0.636      0.525     -62.977     123.437
RET_LAG20      3.2863     47.198      0.070      0.944     -89.220      95.792
RET_LAG21     45.1070     46.404      0.972      0.331     -45.843     136.057
RET_LAG22    -10.2886     47.125     -0.218      0.827    -102.653      82.075
RET_LAG23     60.5742     46.260      1.309      0.190     -30.095     151.243
RET_LAG24     27.4329     47.103      0.582      0.560     -64.888     119.754
RET_LAG25     38.3692     46.927      0.818      0.414     -53.607     130.345
RET_LAG26     46.4492     46.942      0.989      0.322     -45.556     138.454
RET_LAG27      8.6221     46.956      0.184      0.854     -83.409     100.654
RET_LAG28     92.3908     46.054      2.006      0.045       2.127     182.654
RET_LAG29     20.6581     47.070      0.439      0.661     -71.597     112.913
RET_LAG3     152.6509     45.127      3.383      0.001      64.204     241.098
RET_LAG30     63.7678     46.177      1.381      0.167     -26.738     154.273
RET_LAG4     186.5353     45.852      4.068      0.000      96.667     276.403
RET_LAG5      64.0527     47.162      1.358      0.174     -28.382     156.488
RET_LAG6     132.5038     45.777      2.895      0.004      42.783     222.224
RET_LAG7     -42.5926     47.906     -0.889      0.374    -136.488      51.302
RET_LAG8      25.0605     46.378      0.540      0.589     -65.839     115.960
RET_LAG9      81.5244     46.260      1.762      0.078      -9.144     172.193
VIOL_LAG1      0.8933      0.135      6.617      0.000       0.629       1.158
VIOL_LAG10     0.3972      0.142      2.795      0.005       0.119       0.676
VIOL_LAG11     0.5870      0.139      4.216      0.000       0.314       0.860
VIOL_LAG12     0.2545      0.144      1.770      0.077      -0.027       0.536
VIOL_LAG13     0.5947      0.139      4.291      0.000       0.323       0.866
VIOL_LAG14     0.1253      0.147      0.854      0.393      -0.162       0.413
VIOL_LAG15     0.4243      0.140      3.023      0.003       0.149       0.699
VIOL_LAG16     0.1374      0.146      0.942      0.346      -0.149       0.423
VIOL_LAG17    -0.0605      0.149     -0.406      0.685      -0.353       0.232
VIOL_LAG18     0.3184      0.144      2.210      0.027       0.036       0.601
VIOL_LAG19     0.2649      0.146      1.813      0.070      -0.021       0.551
VIOL_LAG2      0.3921      0.140      2.794      0.005       0.117       0.667
VIOL_LAG20     0.2328      0.145      1.605      0.108      -0.051       0.517
VIOL_LAG21     0.1718      0.148      1.163      0.245      -0.118       0.461
VIOL_LAG22     0.1007      0.148      0.680      0.496      -0.190       0.391
VIOL_LAG23     0.0497      0.151      0.328      0.743      -0.247       0.346
VIOL_LAG24    -0.0027      0.152     -0.018      0.986      -0.300       0.295
VIOL_LAG25     0.1199      0.149      0.803      0.422      -0.173       0.413
VIOL_LAG26     0.1630      0.149      1.094      0.274      -0.129       0.455
VIOL_LAG27     0.1815      0.147      1.234      0.217      -0.107       0.470
VIOL_LAG28     0.1097      0.152      0.723      0.469      -0.187       0.407
VIOL_LAG29     0.2960      0.146      2.033      0.042       0.011       0.581
VIOL_LAG3      0.5627      0.139      4.057      0.000       0.291       0.835
VIOL_LAG30     0.2399      0.147      1.627      0.104      -0.049       0.529
VIOL_LAG4      0.6623      0.139      4.777      0.000       0.391       0.934
VIOL_LAG5      0.2802      0.144      1.951      0.051      -0.001       0.562
VIOL_LAG6      0.5507      0.140      3.935      0.000       0.276       0.825
VIOL_LAG7      0.1523      0.144      1.059      0.290      -0.130       0.434
VIOL_LAG8      0.1513      0.146      1.037      0.300      -0.135       0.437
VIOL_LAG9      0.2172      0.145      1.493      0.135      -0.068       0.502
==============================================================================