                 Generalized Linear Model Regression Results                  
==============================================================================
Dep. Variable:                      Y   No. Observations:                15508
Model:                            GLM   Df Residuals:                    15447
Model Family:                Binomial   Df Model:                           60
Link Function:                  Logit   Scale:                          1.0000
Method:                          IRLS   Log-Likelihood:                -3088.2
Date:                Sun, 24 Mar 2024   Deviance:                       6176.3
Time:                        21:04:15   Pearson chi2:                 1.52e+04
No. Iterations:                     6   Pseudo R-squ. (CS):            0.01906
Covariance Type:            nonrobust                                         
==============================================================================
                 coef    std err          z      P>|z|      [0.025      0.975]
------------------------------------------------------------------------------
Intercept     -3.3071      0.051    -64.894      0.000      -3.407      -3.207
RET_LAG1     -51.6789     33.755     -1.531      0.126    -117.838      14.480
RET_LAG10    -13.0641     32.887     -0.397      0.691     -77.522      51.393
RET_LAG11      2.2682     32.721      0.069      0.945     -61.865      66.401
RET_LAG12    -37.9589     32.594     -1.165      0.244    -101.841      25.924
RET_LAG13     15.0683     32.727      0.460      0.645     -49.076      79.213
RET_LAG14    -11.7490     33.130     -0.355      0.723     -76.683      53.185
RET_LAG15      1.6788     33.492      0.050      0.960     -63.964      67.322
RET_LAG16     41.8201     33.309      1.256      0.209     -23.464     107.104
RET_LAG17    -15.4757     33.813     -0.458      0.647     -81.749      50.797
RET_LAG18    -30.6985     33.894     -0.906      0.365     -97.130      35.733
RET_LAG19    -22.7696     34.068     -0.668      0.504     -89.542      44.003
RET_LAG2     -68.5631     33.808     -2.028      0.043    -134.826      -2.300
RET_LAG20    -12.3590     34.155     -0.362      0.717     -79.301      54.583
RET_LAG21    -10.4515     34.200     -0.306      0.760     -77.483      56.580
RET_LAG22     -3.6311     34.252     -0.106      0.916     -70.764      63.502
RET_LAG23    106.8626     32.682      3.270      0.001      42.806     170.919
RET_LAG24     -0.8474     34.322     -0.025      0.980     -68.118      66.423
RET_LAG25     25.6177     33.299      0.769      0.442     -39.647      90.882
RET_LAG26    -31.7260     34.297     -0.925      0.355     -98.947      35.495
RET_LAG27     66.2675     34.129      1.942      0.052      -0.624     133.160
RET_LAG28      5.6584     34.282      0.165      0.869     -61.533      72.849
RET_LAG29    -10.1234     34.831     -0.291      0.771     -78.392      58.145
RET_LAG3    -101.6670     33.854     -3.003      0.003    -168.020     -35.314
RET_LAG30     46.8759     33.819      1.386      0.166     -19.407     113.159
RET_LAG4      -6.2201     33.701     -0.185      0.854     -72.272      59.832
RET_LAG5     -11.1658     33.614     -0.332      0.740     -77.049      54.717
RET_LAG6     -42.5259     33.278     -1.278      0.201    -107.750      22.699
RET_LAG7     -64.6113     33.803     -1.911      0.056    -130.863       1.640
RET_LAG8      85.0657     32.148      2.646      0.008      22.057     148.074
RET_LAG9     -21.7576     32.782     -0.664      0.507     -86.009      42.494
VOL_LAG1    4.506e-07   8.17e-08      5.512      0.000     2.9e-07    6.11e-07
VOL_LAG10   2.668e-07   8.93e-08      2.986      0.003    9.17e-08    4.42e-07
VOL_LAG11   3.855e-08   1.29e-07      0.299      0.765   -2.14e-07    2.92e-07
VOL_LAG12   1.347e-07   1.06e-07      1.264      0.206   -7.41e-08    3.43e-07
VOL_LAG13   1.943e-07   1.02e-07      1.910      0.056   -5.05e-09    3.94e-07
VOL_LAG14   7.014e-08   1.28e-07      0.547      0.584   -1.81e-07    3.21e-07
VOL_LAG15   1.379e-07   1.15e-07      1.202      0.229    -8.7e-08    3.63e-07
VOL_LAG16   3.642e-08   1.33e-07      0.274      0.784   -2.24e-07    2.97e-07
VOL_LAG17   4.891e-08   1.36e-07      0.359      0.720   -2.18e-07    3.16e-07
VOL_LAG18   4.423e-08   1.44e-07      0.307      0.759   -2.38e-07    3.26e-07
VOL_LAG19   1.014e-07   1.15e-07      0.878      0.380   -1.25e-07    3.28e-07
VOL_LAG2    2.066e-07   8.62e-08      2.398      0.016    3.77e-08    3.75e-07
VOL_LAG20   7.395e-08   1.29e-07      0.572      0.568    -1.8e-07    3.28e-07
VOL_LAG21   7.104e-08    1.3e-07      0.546      0.585   -1.84e-07    3.26e-07
VOL_LAG22   3.531e-08   1.39e-07      0.255      0.799   -2.37e-07    3.07e-07
VOL_LAG23   1.083e-07   1.23e-07      0.880      0.379   -1.33e-07    3.49e-07
VOL_LAG24   1.232e-07   1.18e-07      1.041      0.298   -1.09e-07    3.55e-07
VOL_LAG25   1.627e-08   1.49e-07      0.109      0.913   -2.76e-07    3.09e-07
VOL_LAG26   1.707e-07   1.14e-07      1.504      0.133   -5.18e-08    3.93e-07
VOL_LAG27   9.379e-08   1.39e-07      0.675      0.500   -1.79e-07    3.66e-07
VOL_LAG28  -9.445e-08   2.06e-07     -0.459      0.647   -4.98e-07    3.09e-07
VOL_LAG29    -5.2e-08   1.89e-07     -0.275      0.784   -4.23e-07    3.19e-07
VOL_LAG3    1.464e-07   9.04e-08      1.621      0.105   -3.07e-08    3.24e-07
VOL_LAG30   1.489e-07    1.2e-07      1.239      0.215   -8.66e-08    3.84e-07
VOL_LAG4    2.619e-07   8.17e-08      3.206      0.001    1.02e-07    4.22e-07
VOL_LAG5    2.646e-07   8.34e-08      3.173      0.002    1.01e-07    4.28e-07
VOL_LAG6    1.951e-07   9.05e-08      2.156      0.031    1.77e-08    3.72e-07
VOL_LAG7    2.231e-07   8.86e-08      2.518      0.012    4.95e-08    3.97e-07
VOL_LAG8     1.51e-07   9.67e-08      1.561      0.119   -3.86e-08    3.41e-07
VOL_LAG9    2.006e-07   9.16e-08      2.190      0.029    2.11e-08     3.8e-07
==============================================================================