                 Generalized Linear Model Regression Results                  
==============================================================================
Dep. Variable:                      Y   No. Observations:                15508
Model:                            GLM   Df Residuals:                    15417
Model Family:                Binomial   Df Model:                           90
Link Function:                  Logit   Scale:                          1.0000
Method:                          IRLS   Log-Likelihood:                -2965.5
Date:                Sun, 17 Mar 2024   Deviance:                       5931.1
Time:                        19:26:38   Pearson chi2:                 1.44e+04
No. Iterations:                     6   Pseudo R-squ. (CS):            0.03445
Covariance Type:            nonrobust                                         
================================================================================
                   coef    std err          z      P>|z|      [0.025      0.975]
--------------------------------------------------------------------------------
Intercept       -3.4686      0.054    -64.146      0.000      -3.575      -3.363
RET_LAG1       -44.8208     29.448     -1.522      0.128    -102.538      12.896
RET_LAG10       12.1431     28.101      0.432      0.666     -42.933      67.219
RET_LAG11       11.9811     28.649      0.418      0.676     -44.170      68.132
RET_LAG12      -13.9266     29.176     -0.477      0.633     -71.110      43.257
RET_LAG13       21.5222     28.334      0.760      0.448     -34.012      77.056
RET_LAG14       -1.1961     28.733     -0.042      0.967     -57.511      55.119
RET_LAG15       11.1420     29.187      0.382      0.703     -46.064      68.348
RET_LAG16       34.0215     28.554      1.191      0.233     -21.944      89.987
RET_LAG17       -5.3613     28.893     -0.186      0.853     -61.990      51.268
RET_LAG18      -22.0486     29.188     -0.755      0.450     -79.256      35.159
RET_LAG19       -9.0726     29.292     -0.310      0.757     -66.483      48.338
RET_LAG2       -52.1600     28.718     -1.816      0.069    -108.446       4.126
RET_LAG20       -7.6082     28.901     -0.263      0.792     -64.254      49.037
RET_LAG21       -7.5231     29.384     -0.256      0.798     -65.115      50.069
RET_LAG22       -0.7676     29.211     -0.026      0.979     -58.021      56.486
RET_LAG23       87.5688     29.710      2.947      0.003      29.339     145.799
RET_LAG24        3.5292     29.879      0.118      0.906     -55.032      62.090
RET_LAG25       19.5275     31.597      0.618      0.537     -42.401      81.456
RET_LAG26      -26.4288     29.720     -0.889      0.374     -84.678      31.821
RET_LAG27       61.9401     30.103      2.058      0.040       2.939     120.941
RET_LAG28       10.2324     31.172      0.328      0.743     -50.863      71.328
RET_LAG29       -4.1955     30.524     -0.137      0.891     -64.022      55.631
RET_LAG3       -76.0755     28.620     -2.658      0.008    -132.170     -19.981
RET_LAG30       40.0306     30.338      1.319      0.187     -19.431      99.493
RET_LAG4        -4.4995     28.462     -0.158      0.874     -60.284      51.285
RET_LAG5        -3.9507     28.562     -0.138      0.890     -59.931      52.030
RET_LAG6       -35.1904     28.436     -1.238      0.216     -90.923      20.543
RET_LAG7       -33.8890     28.756     -1.179      0.239     -90.250      22.472
RET_LAG8        71.2805     28.573      2.495      0.013      15.279     127.282
RET_LAG9        -8.2388     29.224     -0.282      0.778     -65.518      49.040
SQ_RET_LAG1   1.428e+04   5113.346      2.792      0.005    4256.719    2.43e+04
SQ_RET_LAG10  5983.1221   3624.180      1.651      0.099   -1120.140    1.31e+04
SQ_RET_LAG11  2912.0989   3619.293      0.805      0.421   -4181.585       1e+04
SQ_RET_LAG12  2494.3733   3918.386      0.637      0.524   -5185.523    1.02e+04
SQ_RET_LAG13  7354.2015   3737.153      1.968      0.049      29.516    1.47e+04
SQ_RET_LAG14  7369.7990   3743.459      1.969      0.049      32.755    1.47e+04
SQ_RET_LAG15  2707.3517   3884.436      0.697      0.486   -4906.003    1.03e+04
SQ_RET_LAG16  6977.5276   3583.527      1.947      0.052     -46.056     1.4e+04
SQ_RET_LAG17  5756.2032   3697.267      1.557      0.119   -1490.307     1.3e+04
SQ_RET_LAG18      1e+04   4144.277      2.413      0.016    1879.455    1.81e+04
SQ_RET_LAG19  4508.6369   3758.487      1.200      0.230   -2857.863    1.19e+04
SQ_RET_LAG2   7409.6774   3633.881      2.039      0.041     287.402    1.45e+04
SQ_RET_LAG20  5704.7163   3606.206      1.582      0.114   -1363.318    1.28e+04
SQ_RET_LAG21  1.109e+04   4205.573      2.638      0.008    2852.099    1.93e+04
SQ_RET_LAG22  5745.5075   3585.275      1.603      0.109   -1281.503    1.28e+04
SQ_RET_LAG23  8152.5092   4402.818      1.852      0.064    -476.856    1.68e+04
SQ_RET_LAG24  2426.7951   3832.316      0.633      0.527   -5084.407    9937.997
SQ_RET_LAG25  -197.5252   4295.169     -0.046      0.963   -8615.902    8220.851
SQ_RET_LAG26  1.047e+04   4287.981      2.442      0.015    2066.341    1.89e+04
SQ_RET_LAG27  4936.5727   3663.955      1.347      0.178   -2244.647    1.21e+04
SQ_RET_LAG28  1425.7817   4226.713      0.337      0.736   -6858.424    9709.987
SQ_RET_LAG29  3805.3363   3771.127      1.009      0.313   -3585.937    1.12e+04
SQ_RET_LAG3   9003.6397   3599.006      2.502      0.012    1949.717    1.61e+04
SQ_RET_LAG30  5413.9466   3697.316      1.464      0.143   -1832.659    1.27e+04
SQ_RET_LAG4   1.225e+04   4197.574      2.918      0.004    4022.856    2.05e+04
SQ_RET_LAG5   5660.4390   3542.614      1.598      0.110   -1282.956    1.26e+04
SQ_RET_LAG6   1.016e+04   3955.338      2.568      0.010    2406.649    1.79e+04
SQ_RET_LAG7    1.64e+04   5453.768      3.007      0.003    5711.207    2.71e+04
SQ_RET_LAG8   8161.3055   4178.695      1.953      0.051     -28.786    1.64e+04
SQ_RET_LAG9   1.159e+04   5175.885      2.240      0.025    1449.940    2.17e+04
VOL_LAG1      4.293e-07   8.04e-08      5.341      0.000    2.72e-07    5.87e-07
VOL_LAG10     2.423e-07   9.96e-08      2.433      0.015    4.71e-08    4.37e-07
VOL_LAG11    -5.941e-08    1.7e-07     -0.349      0.727   -3.93e-07    2.74e-07
VOL_LAG12     1.148e-07   1.22e-07      0.940      0.347   -1.24e-07    3.54e-07
VOL_LAG13     1.766e-07   1.15e-07      1.532      0.125   -4.93e-08    4.03e-07
VOL_LAG14    -2.022e-08   1.68e-07     -0.120      0.904   -3.49e-07    3.09e-07
VOL_LAG15     9.056e-08   1.38e-07      0.657      0.511    -1.8e-07    3.61e-07
VOL_LAG16    -5.463e-09   1.58e-07     -0.034      0.972   -3.16e-07    3.05e-07
VOL_LAG17    -2.283e-08   1.75e-07     -0.131      0.896   -3.65e-07    3.19e-07
VOL_LAG18    -4.361e-08   1.83e-07     -0.239      0.811   -4.01e-07    3.14e-07
VOL_LAG19     6.698e-08   1.33e-07      0.505      0.614   -1.93e-07    3.27e-07
VOL_LAG2      1.664e-07   9.51e-08      1.749      0.080      -2e-08    3.53e-07
VOL_LAG20     4.644e-08   1.49e-07      0.312      0.755   -2.45e-07    3.38e-07
VOL_LAG21     3.207e-08   1.51e-07      0.212      0.832   -2.64e-07    3.28e-07
VOL_LAG22    -4.576e-08   1.77e-07     -0.259      0.796   -3.92e-07       3e-07
VOL_LAG23     6.718e-08   1.42e-07      0.474      0.635   -2.11e-07    3.45e-07
VOL_LAG24      1.07e-07   1.32e-07      0.814      0.416   -1.51e-07    3.65e-07
VOL_LAG25     5.475e-09   1.59e-07      0.034      0.973   -3.07e-07    3.18e-07
VOL_LAG26     1.753e-07    1.2e-07      1.460      0.144   -6.01e-08    4.11e-07
VOL_LAG27     3.973e-08   1.62e-07      0.245      0.806   -2.78e-07    3.57e-07
VOL_LAG28    -1.382e-07   2.24e-07     -0.616      0.538   -5.78e-07    3.01e-07
VOL_LAG29    -2.569e-08   1.83e-07     -0.140      0.889   -3.85e-07    3.33e-07
VOL_LAG3      1.034e-07   1.04e-07      0.997      0.319   -9.99e-08    3.07e-07
VOL_LAG30      1.63e-07   1.21e-07      1.352      0.176   -7.33e-08    3.99e-07
VOL_LAG4      2.341e-07   8.74e-08      2.679      0.007    6.28e-08    4.05e-07
VOL_LAG5      2.425e-07   8.94e-08      2.713      0.007    6.73e-08    4.18e-07
VOL_LAG6      1.554e-07   1.05e-07      1.486      0.137   -4.95e-08     3.6e-07
VOL_LAG7      1.773e-07   1.02e-07      1.745      0.081   -2.18e-08    3.76e-07
VOL_LAG8      9.174e-08    1.2e-07      0.767      0.443   -1.43e-07    3.26e-07
VOL_LAG9      1.593e-07   1.07e-07      1.490      0.136   -5.02e-08    3.69e-07
================================================================================