                 Generalized Linear Model Regression Results                  
==============================================================================
Dep. Variable:                      Y   No. Observations:                15508
Model:                            GLM   Df Residuals:                    15327
Model Family:                Binomial   Df Model:                          180
Link Function:                  Logit   Scale:                          1.0000
Method:                          IRLS   Log-Likelihood:                -2896.9
Date:                Sun, 17 Mar 2024   Deviance:                       5793.9
Time:                        19:25:18   Pearson chi2:                 1.41e+04
No. Iterations:                    18   Pseudo R-squ. (CS):            0.04295
Covariance Type:            nonrobust                                         
================================================================================
                   coef    std err          z      P>|z|      [0.025      0.975]
--------------------------------------------------------------------------------
Intercept       -3.5079      0.064    -54.485      0.000      -3.634      -3.382
SQ_RET_LAG1   1.223e+04   4319.592      2.830      0.005    3759.640    2.07e+04
SQ_RET_LAG10  6741.8100   3620.137      1.862      0.063    -353.529    1.38e+04
SQ_RET_LAG11  3555.4544   3695.126      0.962      0.336   -3686.859    1.08e+04
SQ_RET_LAG12  3530.3509   3649.083      0.967      0.333   -3621.720    1.07e+04
SQ_RET_LAG13  7926.4001   3649.586      2.172      0.030     773.343    1.51e+04
SQ_RET_LAG14  7221.6661   3553.868      2.032      0.042     256.212    1.42e+04
SQ_RET_LAG15  1543.0091   4494.183      0.343      0.731   -7265.429    1.04e+04
SQ_RET_LAG16  6069.2965   3546.554      1.711      0.087    -881.821     1.3e+04
SQ_RET_LAG17  4956.5970   3694.216      1.342      0.180   -2283.934    1.22e+04
SQ_RET_LAG18  7875.7094   3693.878      2.132      0.033     635.842    1.51e+04
SQ_RET_LAG19  2113.4026   4152.629      0.509      0.611   -6025.600    1.03e+04
SQ_RET_LAG2   6387.6122   3539.449      1.805      0.071    -549.579    1.33e+04
SQ_RET_LAG20  4779.4730   3641.861      1.312      0.189   -2358.442    1.19e+04
SQ_RET_LAG21  8491.0646   3652.604      2.325      0.020    1332.093    1.57e+04
SQ_RET_LAG22  3360.3333   3737.229      0.899      0.369   -3964.500    1.07e+04
SQ_RET_LAG23  7206.7504   3516.806      2.049      0.040     313.938    1.41e+04
SQ_RET_LAG24   739.3812   4629.245      0.160      0.873   -8333.773    9812.535
SQ_RET_LAG25 -2270.9592   5854.899     -0.388      0.698   -1.37e+04    9204.432
SQ_RET_LAG26  7877.2176   3533.659      2.229      0.026     951.372    1.48e+04
SQ_RET_LAG27  4446.7036   4001.866      1.111      0.267   -3396.810    1.23e+04
SQ_RET_LAG28 -1602.3864   6302.030     -0.254      0.799    -1.4e+04    1.07e+04
SQ_RET_LAG29    55.5211   5380.436      0.010      0.992   -1.05e+04    1.06e+04
SQ_RET_LAG3   7551.9354   3756.260      2.010      0.044     189.800    1.49e+04
SQ_RET_LAG30  4352.3357   3887.346      1.120      0.263   -3266.722     1.2e+04
SQ_RET_LAG31  2687.4536   4318.834      0.622      0.534   -5777.305    1.12e+04
SQ_RET_LAG32  2417.0425   4455.590      0.542      0.587   -6315.753    1.11e+04
SQ_RET_LAG33  4270.1270   4139.431      1.032      0.302   -3843.008    1.24e+04
SQ_RET_LAG34    60.4539   5667.374      0.011      0.991    -1.1e+04    1.12e+04
SQ_RET_LAG35  8101.7846   3561.074      2.275      0.023    1122.207    1.51e+04
SQ_RET_LAG36  8588.5400   3685.311      2.330      0.020    1365.463    1.58e+04
SQ_RET_LAG37  7369.1835   3753.486      1.963      0.050      12.485    1.47e+04
SQ_RET_LAG38  7277.5601   3534.667      2.059      0.040     349.741    1.42e+04
SQ_RET_LAG39   928.9418   5085.540      0.183      0.855   -9038.534    1.09e+04
SQ_RET_LAG4   9580.0277   4071.709      2.353      0.019    1599.626    1.76e+04
SQ_RET_LAG40  5372.7734   3639.635      1.476      0.140   -1760.780    1.25e+04
SQ_RET_LAG41  3111.6798   4393.417      0.708      0.479   -5499.260    1.17e+04
SQ_RET_LAG42  3470.7896   4155.983      0.835      0.404   -4674.787    1.16e+04
SQ_RET_LAG43  3903.2728   4087.610      0.955      0.340   -4108.295    1.19e+04
SQ_RET_LAG44  5186.3620   3683.901      1.408      0.159   -2033.951    1.24e+04
SQ_RET_LAG45  6541.4998   3556.518      1.839      0.066    -429.147    1.35e+04
SQ_RET_LAG46  1055.5335   4922.020      0.214      0.830   -8591.449    1.07e+04
SQ_RET_LAG47  6113.3477   3640.106      1.679      0.093   -1021.128    1.32e+04
SQ_RET_LAG48   255.8736   5397.969      0.047      0.962   -1.03e+04    1.08e+04
SQ_RET_LAG49  2371.2350   4657.993      0.509      0.611   -6758.263    1.15e+04
SQ_RET_LAG5   4389.6950   3576.419      1.227      0.220   -2619.958    1.14e+04
SQ_RET_LAG50  4830.2992   3739.617      1.292      0.196   -2499.216    1.22e+04
SQ_RET_LAG51  6933.3541   3715.233      1.866      0.062    -348.369    1.42e+04
SQ_RET_LAG52 -7894.0538   9291.409     -0.850      0.396   -2.61e+04    1.03e+04
SQ_RET_LAG53  1308.0631   5418.073      0.241      0.809   -9311.165    1.19e+04
SQ_RET_LAG54  2076.7623   4524.883      0.459      0.646   -6791.846    1.09e+04
SQ_RET_LAG55  2991.7722   4193.495      0.713      0.476   -5227.326    1.12e+04
SQ_RET_LAG56  3538.2565   4453.183      0.795      0.427   -5189.822    1.23e+04
SQ_RET_LAG57  5935.3332   3646.917      1.627      0.104   -1212.492    1.31e+04
SQ_RET_LAG58  3992.3712   4074.010      0.980      0.327   -3992.541     1.2e+04
SQ_RET_LAG59  6378.0218   3475.567      1.835      0.066    -433.965    1.32e+04
SQ_RET_LAG6   9435.3701   3971.341      2.376      0.018    1651.684    1.72e+04
SQ_RET_LAG60  6675.7777   3531.259      1.890      0.059    -245.363    1.36e+04
SQ_RET_LAG61  9395.0569   4269.066      2.201      0.028    1027.841    1.78e+04
SQ_RET_LAG62  5577.5996   3987.023      1.399      0.162   -2236.822    1.34e+04
SQ_RET_LAG63  3787.3755   4122.617      0.919      0.358   -4292.805    1.19e+04
SQ_RET_LAG64  1202.9447   4535.153      0.265      0.791   -7685.792    1.01e+04
SQ_RET_LAG65  4025.0321   4234.997      0.950      0.342   -4275.409    1.23e+04
SQ_RET_LAG66  5630.3265   4187.506      1.345      0.179   -2577.035    1.38e+04
SQ_RET_LAG67  8162.4702   4085.213      1.998      0.046     155.600    1.62e+04
SQ_RET_LAG68  2872.4714   4787.947      0.600      0.549   -6511.733    1.23e+04
SQ_RET_LAG69   -94.0361   4865.932     -0.019      0.985   -9631.087    9443.015
SQ_RET_LAG7   1.345e+04   5127.736      2.622      0.009    3396.378    2.35e+04
SQ_RET_LAG70 -7739.7407   6377.464     -1.214      0.225   -2.02e+04    4759.858
SQ_RET_LAG71 -2663.0323   5938.400     -0.448      0.654   -1.43e+04    8976.018
SQ_RET_LAG72  9088.8429   4097.970      2.218      0.027    1056.970    1.71e+04
SQ_RET_LAG73  6848.5622   4196.524      1.632      0.103   -1376.474    1.51e+04
SQ_RET_LAG74 -1409.0408   5232.910     -0.269      0.788   -1.17e+04    8847.275
SQ_RET_LAG75   -73.7474   4831.749     -0.015      0.988   -9543.801    9396.306
SQ_RET_LAG76  6921.9679   4056.566      1.706      0.088   -1028.755    1.49e+04
SQ_RET_LAG77   -54.3452   5151.512     -0.011      0.992   -1.02e+04       1e+04
SQ_RET_LAG78  1988.0551   4955.357      0.401      0.688   -7724.266    1.17e+04
SQ_RET_LAG79  3831.2715   4015.637      0.954      0.340   -4039.232    1.17e+04
SQ_RET_LAG8   7638.8677   3785.889      2.018      0.044     218.662    1.51e+04
SQ_RET_LAG80 -1533.8640   5209.688     -0.294      0.768   -1.17e+04    8676.936
SQ_RET_LAG81 -1917.0148   5690.982     -0.337      0.736   -1.31e+04    9237.105
SQ_RET_LAG82  2402.4011   4554.434      0.527      0.598   -6524.126    1.13e+04
SQ_RET_LAG83  3626.0479   4002.537      0.906      0.365   -4218.780    1.15e+04
SQ_RET_LAG84   154.6157   5054.186      0.031      0.976   -9751.408    1.01e+04
SQ_RET_LAG85   830.5545   4949.046      0.168      0.867   -8869.398    1.05e+04
SQ_RET_LAG86  1506.0617   5002.044      0.301      0.763   -8297.765    1.13e+04
SQ_RET_LAG87  1554.0929   5182.741      0.300      0.764   -8603.894    1.17e+04
SQ_RET_LAG88   708.3478   5122.347      0.138      0.890   -9331.267    1.07e+04
SQ_RET_LAG89  2485.1768   5008.607      0.496      0.620   -7331.512    1.23e+04
SQ_RET_LAG9   1.126e+04   4681.702      2.405      0.016    2082.896    2.04e+04
SQ_RET_LAG90  -544.0873   5333.976     -0.102      0.919    -1.1e+04    9910.313
VOL_LAG1      4.071e-07   8.06e-08      5.052      0.000    2.49e-07    5.65e-07
VOL_LAG10     2.587e-07   1.01e-07      2.563      0.010    6.09e-08    4.57e-07
VOL_LAG11     -5.52e-08   1.83e-07     -0.301      0.764   -4.15e-07    3.04e-07
VOL_LAG12     8.951e-08   1.37e-07      0.656      0.512   -1.78e-07    3.57e-07
VOL_LAG13     1.815e-07   1.24e-07      1.469      0.142   -6.06e-08    4.24e-07
VOL_LAG14    -1.424e-08   1.79e-07     -0.080      0.937   -3.65e-07    3.36e-07
VOL_LAG15      8.86e-08   1.48e-07      0.600      0.549   -2.01e-07    3.78e-07
VOL_LAG16    -3.297e-08   1.85e-07     -0.178      0.858   -3.95e-07    3.29e-07
VOL_LAG17    -1.304e-08   1.86e-07     -0.070      0.944   -3.77e-07    3.51e-07
VOL_LAG18    -5.419e-08      2e-07     -0.272      0.786   -4.45e-07    3.37e-07
VOL_LAG19     7.412e-08   1.42e-07      0.523      0.601   -2.04e-07    3.52e-07
VOL_LAG2       1.66e-07      1e-07      1.652      0.099    -3.1e-08    3.63e-07
VOL_LAG20     4.977e-08   1.57e-07      0.318      0.750   -2.57e-07    3.57e-07
VOL_LAG21     3.876e-08    1.6e-07      0.242      0.809   -2.75e-07    3.53e-07
VOL_LAG22    -3.874e-08   1.89e-07     -0.205      0.838   -4.09e-07    3.32e-07
VOL_LAG23     7.477e-08    1.5e-07      0.498      0.619    -2.2e-07    3.69e-07
VOL_LAG24     1.325e-07   1.35e-07      0.981      0.327   -1.32e-07    3.97e-07
VOL_LAG25     6.693e-09    1.7e-07      0.039      0.969   -3.26e-07    3.39e-07
VOL_LAG26     1.868e-07   1.26e-07      1.478      0.139   -6.09e-08    4.35e-07
VOL_LAG27     2.822e-08   1.81e-07      0.155      0.876   -3.28e-07    3.84e-07
VOL_LAG28    -1.641e-07   2.62e-07     -0.626      0.531   -6.78e-07     3.5e-07
VOL_LAG29     -6.75e-08   2.28e-07     -0.296      0.767   -5.15e-07     3.8e-07
VOL_LAG3      9.386e-08   1.13e-07      0.830      0.407   -1.28e-07    3.16e-07
VOL_LAG30     1.635e-07   1.37e-07      1.195      0.232   -1.05e-07    4.32e-07
VOL_LAG31    -6.484e-09   1.92e-07     -0.034      0.973   -3.83e-07    3.71e-07
VOL_LAG32    -2.929e-08   2.03e-07     -0.144      0.885   -4.27e-07    3.69e-07
VOL_LAG33     7.603e-08   1.75e-07      0.435      0.664   -2.67e-07    4.19e-07
VOL_LAG34    -5.935e-08   2.19e-07     -0.271      0.786   -4.88e-07    3.69e-07
VOL_LAG35     7.823e-08   1.71e-07      0.459      0.646   -2.56e-07    4.13e-07
VOL_LAG36    -9.932e-08   2.24e-07     -0.443      0.657   -5.38e-07     3.4e-07
VOL_LAG37     1.924e-07   1.43e-07      1.348      0.178   -8.74e-08    4.72e-07
VOL_LAG38     -2.91e-07   2.93e-07     -0.995      0.320   -8.64e-07    2.82e-07
VOL_LAG39     1.254e-07   1.52e-07      0.824      0.410   -1.73e-07    4.24e-07
VOL_LAG4      2.381e-07   9.08e-08      2.622      0.009    6.01e-08    4.16e-07
VOL_LAG40    -1.328e-07   2.55e-07     -0.521      0.603   -6.33e-07    3.67e-07
VOL_LAG41     5.313e-08   1.77e-07      0.301      0.763   -2.93e-07    3.99e-07
VOL_LAG42    -1.378e-07   2.55e-07     -0.541      0.589   -6.37e-07    3.62e-07
VOL_LAG43    -2.111e-08   2.06e-07     -0.103      0.918   -4.24e-07    3.82e-07
VOL_LAG44     9.493e-09   1.88e-07      0.050      0.960   -3.59e-07    3.78e-07
VOL_LAG45     3.471e-08   1.71e-07      0.203      0.839   -3.01e-07     3.7e-07
VOL_LAG46     4.019e-08   1.77e-07      0.228      0.820   -3.06e-07    3.86e-07
VOL_LAG47     2.713e-08   1.93e-07      0.141      0.888   -3.51e-07    4.05e-07
VOL_LAG48    -3.134e-08      2e-07     -0.156      0.876   -4.24e-07    3.62e-07
VOL_LAG49     1.037e-07   1.64e-07      0.631      0.528   -2.19e-07    4.26e-07
VOL_LAG5      2.373e-07   9.31e-08      2.548      0.011    5.48e-08     4.2e-07
VOL_LAG50    -7.227e-08   2.24e-07     -0.323      0.747   -5.11e-07    3.67e-07
VOL_LAG51     9.333e-08   1.63e-07      0.573      0.567   -2.26e-07    4.13e-07
VOL_LAG52    -7.438e-08   2.32e-07     -0.320      0.749   -5.29e-07    3.81e-07
VOL_LAG53     7.562e-08   1.75e-07      0.432      0.666   -2.67e-07    4.19e-07
VOL_LAG54    -9.057e-10   2.02e-07     -0.004      0.996   -3.97e-07    3.95e-07
VOL_LAG55     3.004e-08   1.77e-07      0.169      0.866   -3.18e-07    3.78e-07
VOL_LAG56     1.304e-07   1.58e-07      0.826      0.409   -1.79e-07     4.4e-07
VOL_LAG57    -7.101e-08   2.31e-07     -0.307      0.759   -5.25e-07    3.83e-07
VOL_LAG58     7.716e-08   1.74e-07      0.444      0.657   -2.64e-07    4.18e-07
VOL_LAG59     -2.59e-08   2.04e-07     -0.127      0.899   -4.26e-07    3.74e-07
VOL_LAG6      1.482e-07   1.11e-07      1.338      0.181   -6.89e-08    3.65e-07
VOL_LAG60     2.386e-07   1.22e-07      1.952      0.051   -9.56e-10    4.78e-07
VOL_LAG61     1.853e-07   1.57e-07      1.177      0.239   -1.23e-07    4.94e-07
VOL_LAG62    -4.598e-07   3.61e-07     -1.275      0.202   -1.17e-06    2.47e-07
VOL_LAG63    -6.228e-08   2.41e-07     -0.259      0.796   -5.34e-07     4.1e-07
VOL_LAG64      4.74e-08   2.05e-07      0.232      0.817   -3.54e-07    4.48e-07
VOL_LAG65    -9.517e-08   2.53e-07     -0.376      0.707   -5.91e-07    4.01e-07
VOL_LAG66     5.903e-08   1.88e-07      0.314      0.754   -3.09e-07    4.28e-07
VOL_LAG67     2.915e-08   1.95e-07      0.150      0.881   -3.53e-07    4.11e-07
VOL_LAG68     1.055e-07   1.86e-07      0.568      0.570   -2.59e-07     4.7e-07
VOL_LAG69    -1.805e-07   2.99e-07     -0.603      0.546   -7.67e-07    4.06e-07
VOL_LAG7      1.702e-07   1.08e-07      1.582      0.114   -4.06e-08    3.81e-07
VOL_LAG70     4.654e-08   2.38e-07      0.196      0.845    -4.2e-07    5.13e-07
VOL_LAG71    -5.077e-07   4.73e-07     -1.073      0.283   -1.44e-06     4.2e-07
VOL_LAG72     3.642e-08   2.15e-07      0.170      0.865   -3.84e-07    4.57e-07
VOL_LAG73     1.714e-08    2.2e-07      0.078      0.938   -4.15e-07    4.49e-07
VOL_LAG74     2.787e-08      2e-07      0.140      0.889   -3.63e-07    4.19e-07
VOL_LAG75     6.646e-08   1.87e-07      0.355      0.722      -3e-07    4.33e-07
VOL_LAG76     1.228e-07   1.66e-07      0.739      0.460   -2.03e-07    4.49e-07
VOL_LAG77     1.356e-07   2.28e-07      0.596      0.551   -3.11e-07    5.82e-07
VOL_LAG78    -8.451e-07   5.95e-07     -1.419      0.156   -2.01e-06    3.22e-07
VOL_LAG79    -2.522e-07    3.7e-07     -0.682      0.495   -9.77e-07    4.73e-07
VOL_LAG8      1.066e-07   1.23e-07      0.868      0.386   -1.34e-07    3.47e-07
VOL_LAG80     1.942e-07   1.69e-07      1.147      0.251   -1.38e-07    5.26e-07
VOL_LAG81    -1.635e-07   3.41e-07     -0.479      0.632   -8.33e-07    5.06e-07
VOL_LAG82    -3.657e-07   4.29e-07     -0.852      0.394   -1.21e-06    4.75e-07
VOL_LAG83     1.022e-07   1.65e-07      0.618      0.536   -2.22e-07    4.26e-07
VOL_LAG84     2.931e-07   1.21e-07      2.427      0.015    5.64e-08     5.3e-07
VOL_LAG85    -1.474e-07   3.01e-07     -0.489      0.625   -7.38e-07    4.43e-07
VOL_LAG86     1.207e-07   1.86e-07      0.650      0.516   -2.43e-07    4.85e-07
VOL_LAG87    -1.726e-07   3.66e-07     -0.471      0.637   -8.91e-07    5.45e-07
VOL_LAG88    -4.922e-07   5.05e-07     -0.974      0.330   -1.48e-06    4.98e-07
VOL_LAG89     1.505e-07   1.76e-07      0.854      0.393   -1.95e-07    4.96e-07
VOL_LAG9      1.636e-07   1.09e-07      1.501      0.133      -5e-08    3.77e-07
VOL_LAG90    -2.385e-07   3.45e-07     -0.691      0.490   -9.15e-07    4.38e-07
================================================================================