                 Generalized Linear Model Regression Results                  
==============================================================================
Dep. Variable:                      Y   No. Observations:                15508
Model:                            GLM   Df Residuals:                    15267
Model Family:                Binomial   Df Model:                          240
Link Function:                  Logit   Scale:                          1.0000
Method:                          IRLS   Log-Likelihood:                -2796.7
Date:                Sun, 17 Mar 2024   Deviance:                       5593.4
Time:                        19:25:00   Pearson chi2:                 1.47e+04
No. Iterations:                     8   Pseudo R-squ. (CS):            0.05525
Covariance Type:            nonrobust                                         
===============================================================================
                  coef    std err          z      P>|z|      [0.025      0.975]
-------------------------------------------------------------------------------
Intercept      -3.5832      0.069    -52.035      0.000      -3.718      -3.448
VIOL_LAG1       0.6391      0.117      5.455      0.000       0.409       0.869
VIOL_LAG10      0.1920      0.130      1.477      0.140      -0.063       0.447
VIOL_LAG100    -0.0461      0.163     -0.282      0.778      -0.366       0.274
VIOL_LAG101    -0.0589      0.169     -0.348      0.727      -0.390       0.272
VIOL_LAG102    -0.1082      0.169     -0.642      0.521      -0.439       0.222
VIOL_LAG103     0.1590      0.158      1.003      0.316      -0.152       0.470
VIOL_LAG104    -0.1178      0.171     -0.688      0.492      -0.453       0.218
VIOL_LAG105     0.0442      0.165      0.269      0.788      -0.278       0.367
VIOL_LAG106     0.2595      0.156      1.664      0.096      -0.046       0.565
VIOL_LAG107     0.1167      0.162      0.721      0.471      -0.200       0.434
VIOL_LAG108    -0.2753      0.180     -1.532      0.125      -0.627       0.077
VIOL_LAG109    -0.0014      0.165     -0.008      0.993      -0.326       0.323
VIOL_LAG11     -0.0608      0.138     -0.440      0.660      -0.332       0.210
VIOL_LAG110     0.4556      0.150      3.044      0.002       0.162       0.749
VIOL_LAG111     0.1645      0.161      1.018      0.308      -0.152       0.481
VIOL_LAG112     0.3117      0.154      2.019      0.043       0.009       0.614
VIOL_LAG113     0.1545      0.159      0.973      0.330      -0.157       0.466
VIOL_LAG114     0.0502      0.162      0.309      0.757      -0.268       0.369
VIOL_LAG115    -0.1358      0.174     -0.779      0.436      -0.477       0.206
VIOL_LAG116     0.1750      0.161      1.088      0.276      -0.140       0.490
VIOL_LAG117     0.0218      0.169      0.128      0.898      -0.310       0.354
VIOL_LAG118    -0.0182      0.170     -0.107      0.914      -0.351       0.315
VIOL_LAG119    -0.0731      0.169     -0.432      0.666      -0.405       0.259
VIOL_LAG12      0.1887      0.131      1.442      0.149      -0.068       0.445
VIOL_LAG120     0.3499      0.155      2.257      0.024       0.046       0.654
VIOL_LAG13      0.0730      0.133      0.551      0.582      -0.187       0.333
VIOL_LAG14      0.1699      0.132      1.290      0.197      -0.088       0.428
VIOL_LAG15      0.1296      0.133      0.974      0.330      -0.131       0.391
VIOL_LAG16      0.1171      0.134      0.871      0.384      -0.146       0.381
VIOL_LAG17      0.3232      0.129      2.515      0.012       0.071       0.575
VIOL_LAG18      0.3721      0.128      2.909      0.004       0.121       0.623
VIOL_LAG19      0.1775      0.133      1.339      0.181      -0.082       0.437
VIOL_LAG2       0.4039      0.123      3.272      0.001       0.162       0.646
VIOL_LAG20      0.3120      0.130      2.402      0.016       0.057       0.567
VIOL_LAG21      0.0412      0.136      0.302      0.762      -0.226       0.308
VIOL_LAG22     -0.0729      0.141     -0.518      0.604      -0.348       0.203
VIOL_LAG23     -0.1185      0.143     -0.827      0.408      -0.399       0.162
VIOL_LAG24     -0.0961      0.143     -0.673      0.501      -0.376       0.184
VIOL_LAG25     -0.0909      0.144     -0.631      0.528      -0.373       0.192
VIOL_LAG26      0.0035      0.140      0.025      0.980      -0.271       0.278
VIOL_LAG27     -0.0673      0.143     -0.470      0.639      -0.348       0.214
VIOL_LAG28      0.1041      0.142      0.734      0.463      -0.174       0.382
VIOL_LAG29      0.2867      0.134      2.136      0.033       0.024       0.550
VIOL_LAG3       0.5959      0.119      5.017      0.000       0.363       0.829
VIOL_LAG30     -0.0423      0.143     -0.296      0.768      -0.323       0.238
VIOL_LAG31      0.2596      0.135      1.918      0.055      -0.006       0.525
VIOL_LAG32      0.2730      0.135      2.028      0.043       0.009       0.537
VIOL_LAG33      0.1052      0.139      0.754      0.451      -0.168       0.379
VIOL_LAG34     -0.0767      0.146     -0.526      0.599      -0.363       0.209
VIOL_LAG35     -0.0710      0.144     -0.495      0.621      -0.352       0.210
VIOL_LAG36      0.2047      0.138      1.486      0.137      -0.065       0.475
VIOL_LAG37      0.1797      0.139      1.294      0.195      -0.092       0.452
VIOL_LAG38      0.2727      0.135      2.016      0.044       0.008       0.538
VIOL_LAG39      0.0724      0.141      0.514      0.608      -0.204       0.349
VIOL_LAG4       0.2921      0.125      2.332      0.020       0.047       0.538
VIOL_LAG40     -0.4030      0.159     -2.541      0.011      -0.714      -0.092
VIOL_LAG41      0.5105      0.131      3.882      0.000       0.253       0.768
VIOL_LAG42      0.1122      0.143      0.783      0.434      -0.169       0.393
VIOL_LAG43     -0.2841      0.155     -1.834      0.067      -0.588       0.019
VIOL_LAG44      0.1987      0.139      1.426      0.154      -0.074       0.472
VIOL_LAG45      0.0930      0.144      0.648      0.517      -0.188       0.375
VIOL_LAG46      0.0739      0.144      0.514      0.607      -0.208       0.355
VIOL_LAG47     -0.0936      0.148     -0.631      0.528      -0.384       0.197
VIOL_LAG48      0.0034      0.146      0.023      0.981      -0.283       0.290
VIOL_LAG49     -0.1149      0.149     -0.770      0.441      -0.407       0.178
VIOL_LAG5       0.3595      0.124      2.888      0.004       0.116       0.603
VIOL_LAG50      0.2640      0.139      1.900      0.057      -0.008       0.536
VIOL_LAG51      0.1307      0.143      0.916      0.360      -0.149       0.410
VIOL_LAG52      0.1876      0.143      1.313      0.189      -0.092       0.468
VIOL_LAG53      0.0515      0.145      0.354      0.723      -0.234       0.337
VIOL_LAG54     -0.0398      0.149     -0.266      0.790      -0.333       0.253
VIOL_LAG55      0.0350      0.148      0.236      0.813      -0.255       0.325
VIOL_LAG56      0.0470      0.146      0.321      0.748      -0.240       0.333
VIOL_LAG57      0.0797      0.149      0.537      0.591      -0.211       0.371
VIOL_LAG58      0.0144      0.150      0.096      0.924      -0.280       0.308
VIOL_LAG59      0.2707      0.141      1.925      0.054      -0.005       0.546
VIOL_LAG6       0.3011      0.126      2.387      0.017       0.054       0.548
VIOL_LAG60     -0.1243      0.155     -0.800      0.424      -0.429       0.180
VIOL_LAG61      0.1008      0.150      0.673      0.501      -0.193       0.394
VIOL_LAG62     -0.0186      0.152     -0.122      0.903      -0.317       0.280
VIOL_LAG63      0.2718      0.145      1.871      0.061      -0.013       0.557
VIOL_LAG64      0.0535      0.149      0.358      0.720      -0.239       0.346
VIOL_LAG65      0.0496      0.150      0.330      0.741      -0.245       0.344
VIOL_LAG66      0.0680      0.150      0.455      0.649      -0.225       0.361
VIOL_LAG67      0.1775      0.146      1.216      0.224      -0.109       0.464
VIOL_LAG68      0.1731      0.146      1.187      0.235      -0.113       0.459
VIOL_LAG69      0.1115      0.150      0.743      0.458      -0.183       0.406
VIOL_LAG7       0.3174      0.126      2.522      0.012       0.071       0.564
VIOL_LAG70     -0.1832      0.159     -1.155      0.248      -0.494       0.128
VIOL_LAG71      0.0803      0.153      0.525      0.600      -0.220       0.380
VIOL_LAG72      0.0829      0.154      0.539      0.590      -0.218       0.384
VIOL_LAG73     -0.0011      0.155     -0.007      0.994      -0.304       0.302
VIOL_LAG74      0.0057      0.156      0.037      0.971      -0.299       0.311
VIOL_LAG75     -0.0020      0.157     -0.013      0.990      -0.309       0.305
VIOL_LAG76      0.1406      0.152      0.925      0.355      -0.157       0.438
VIOL_LAG77      0.0643      0.155      0.415      0.678      -0.239       0.368
VIOL_LAG78     -0.0946      0.165     -0.575      0.565      -0.417       0.228
VIOL_LAG79     -0.1733      0.163     -1.060      0.289      -0.494       0.147
VIOL_LAG8       0.0311      0.134      0.232      0.816      -0.231       0.293
VIOL_LAG80     -0.0100      0.161     -0.062      0.950      -0.325       0.305
VIOL_LAG81      0.1618      0.155      1.044      0.296      -0.142       0.465
VIOL_LAG82      0.0158      0.162      0.098      0.922      -0.301       0.333
VIOL_LAG83      0.0994      0.155      0.643      0.520      -0.204       0.403
VIOL_LAG84      0.2395      0.153      1.565      0.118      -0.060       0.540
VIOL_LAG85      0.1793      0.156      1.151      0.250      -0.126       0.485
VIOL_LAG86     -0.3450      0.178     -1.940      0.052      -0.694       0.004
VIOL_LAG87     -0.2936      0.176     -1.664      0.096      -0.639       0.052
VIOL_LAG88      0.0140      0.163      0.086      0.932      -0.305       0.333
VIOL_LAG89     -0.0551      0.166     -0.331      0.740      -0.381       0.271
VIOL_LAG9       0.2352      0.127      1.845      0.065      -0.015       0.485
VIOL_LAG90      0.3256      0.153      2.131      0.033       0.026       0.625
VIOL_LAG91     -0.1482      0.171     -0.867      0.386      -0.483       0.187
VIOL_LAG92      0.0494      0.163      0.304      0.761      -0.270       0.369
VIOL_LAG93     -0.0084      0.163     -0.051      0.959      -0.328       0.311
VIOL_LAG94      0.0993      0.160      0.620      0.535      -0.214       0.413
VIOL_LAG95      0.0739      0.162      0.457      0.648      -0.243       0.391
VIOL_LAG96      0.1674      0.157      1.064      0.287      -0.141       0.476
VIOL_LAG97      0.2308      0.153      1.512      0.131      -0.068       0.530
VIOL_LAG98     -0.0864      0.169     -0.512      0.609      -0.417       0.245
VIOL_LAG99      0.1846      0.158      1.168      0.243      -0.125       0.494
VOL_LAG1     4.206e-07   8.58e-08      4.903      0.000    2.52e-07    5.89e-07
VOL_LAG10     2.63e-07   1.15e-07      2.296      0.022    3.85e-08    4.87e-07
VOL_LAG100  -3.442e-08   2.72e-07     -0.127      0.899   -5.67e-07    4.98e-07
VOL_LAG101   1.001e-07    2.1e-07      0.478      0.633   -3.11e-07    5.11e-07
VOL_LAG102  -3.755e-07   4.53e-07     -0.830      0.407   -1.26e-06    5.12e-07
VOL_LAG103    1.37e-07   1.97e-07      0.697      0.486   -2.48e-07    5.22e-07
VOL_LAG104  -2.397e-07   3.79e-07     -0.633      0.527   -9.82e-07    5.02e-07
VOL_LAG105  -4.854e-08   2.86e-07     -0.170      0.865   -6.09e-07    5.12e-07
VOL_LAG106    -2.4e-07   3.86e-07     -0.621      0.534   -9.97e-07    5.17e-07
VOL_LAG107   3.093e-08   2.27e-07      0.136      0.892   -4.14e-07    4.76e-07
VOL_LAG108   3.031e-08   2.19e-07      0.139      0.890   -3.99e-07    4.59e-07
VOL_LAG109   2.311e-07   1.42e-07      1.625      0.104   -4.76e-08     5.1e-07
VOL_LAG11   -2.481e-07   2.58e-07     -0.960      0.337   -7.55e-07    2.58e-07
VOL_LAG110    2.07e-08   2.48e-07      0.084      0.933   -4.65e-07    5.06e-07
VOL_LAG111  -1.883e-07   3.36e-07     -0.561      0.575   -8.47e-07     4.7e-07
VOL_LAG112   2.634e-07   1.54e-07      1.705      0.088   -3.93e-08    5.66e-07
VOL_LAG113  -2.427e-07   3.81e-07     -0.637      0.524   -9.89e-07    5.04e-07
VOL_LAG114   2.606e-07   1.51e-07      1.729      0.084   -3.49e-08    5.56e-07
VOL_LAG115   9.207e-09   2.62e-07      0.035      0.972   -5.04e-07    5.23e-07
VOL_LAG116  -6.419e-08   3.88e-07     -0.165      0.869   -8.26e-07    6.97e-07
VOL_LAG117  -1.617e-06   7.68e-07     -2.107      0.035   -3.12e-06   -1.13e-07
VOL_LAG118  -2.807e-07   4.51e-07     -0.622      0.534   -1.17e-06    6.04e-07
VOL_LAG119    9.39e-08   2.06e-07      0.456      0.648    -3.1e-07    4.97e-07
VOL_LAG12    8.191e-08   1.62e-07      0.504      0.614   -2.37e-07       4e-07
VOL_LAG120  -1.533e-07   3.06e-07     -0.501      0.616   -7.53e-07    4.46e-07
VOL_LAG13    1.883e-07   1.44e-07      1.310      0.190   -9.34e-08     4.7e-07
VOL_LAG14   -1.207e-07   2.39e-07     -0.504      0.614    -5.9e-07    3.48e-07
VOL_LAG15    8.595e-08   1.81e-07      0.475      0.635   -2.69e-07    4.41e-07
VOL_LAG16   -1.524e-07   2.65e-07     -0.575      0.566   -6.72e-07    3.67e-07
VOL_LAG17   -9.475e-08   2.53e-07     -0.375      0.708    -5.9e-07       4e-07
VOL_LAG18   -2.016e-07    2.8e-07     -0.719      0.472   -7.51e-07    3.48e-07
VOL_LAG19    4.149e-08   1.66e-07      0.250      0.803   -2.84e-07    3.67e-07
VOL_LAG2     1.554e-07   1.09e-07      1.420      0.155    -5.9e-08     3.7e-07
VOL_LAG20    3.947e-08      2e-07      0.197      0.844   -3.53e-07    4.32e-07
VOL_LAG21   -1.573e-08   1.98e-07     -0.080      0.937   -4.03e-07    3.72e-07
VOL_LAG22    -5.42e-08   2.05e-07     -0.265      0.791   -4.55e-07    3.47e-07
VOL_LAG23    1.163e-07   1.52e-07      0.766      0.444   -1.81e-07    4.14e-07
VOL_LAG24    1.683e-07   1.51e-07      1.114      0.265   -1.28e-07    4.64e-07
VOL_LAG25   -1.126e-07   2.41e-07     -0.468      0.640   -5.84e-07    3.59e-07
VOL_LAG26    2.501e-07   1.31e-07      1.908      0.056   -6.75e-09    5.07e-07
VOL_LAG27    1.312e-07   1.71e-07      0.765      0.444   -2.05e-07    4.67e-07
VOL_LAG28   -4.731e-07   3.74e-07     -1.266      0.206   -1.21e-06    2.59e-07
VOL_LAG29   -2.494e-07   3.12e-07     -0.798      0.425   -8.62e-07    3.63e-07
VOL_LAG3     7.819e-08   1.36e-07      0.574      0.566   -1.89e-07    3.45e-07
VOL_LAG30    1.892e-07   1.59e-07      1.188      0.235   -1.23e-07    5.01e-07
VOL_LAG31   -2.552e-08   2.29e-07     -0.112      0.911   -4.74e-07    4.23e-07
VOL_LAG32   -8.166e-08   2.55e-07     -0.321      0.748   -5.81e-07    4.18e-07
VOL_LAG33    5.074e-08   2.13e-07      0.239      0.811   -3.66e-07    4.67e-07
VOL_LAG34   -8.382e-08   2.52e-07     -0.332      0.740   -5.78e-07    4.11e-07
VOL_LAG35     1.11e-07   1.91e-07      0.581      0.561   -2.63e-07    4.85e-07
VOL_LAG36   -9.058e-08   2.49e-07     -0.364      0.716   -5.79e-07    3.98e-07
VOL_LAG37    2.769e-07   1.46e-07      1.895      0.058   -9.51e-09    5.63e-07
VOL_LAG38   -5.787e-07   3.84e-07     -1.507      0.132   -1.33e-06    1.74e-07
VOL_LAG39    1.442e-07   1.67e-07      0.863      0.388   -1.83e-07    4.72e-07
VOL_LAG4     2.607e-07   9.75e-08      2.674      0.007    6.96e-08    4.52e-07
VOL_LAG40   -1.162e-07   2.81e-07     -0.413      0.679   -6.67e-07    4.35e-07
VOL_LAG41    8.516e-08   1.94e-07      0.440      0.660   -2.94e-07    4.65e-07
VOL_LAG42   -2.554e-07   3.16e-07     -0.809      0.419   -8.74e-07    3.64e-07
VOL_LAG43   -3.457e-08   2.37e-07     -0.146      0.884   -4.99e-07     4.3e-07
VOL_LAG44    3.301e-08   2.07e-07      0.159      0.873   -3.73e-07    4.39e-07
VOL_LAG45    1.821e-08   1.88e-07      0.097      0.923    -3.5e-07    3.86e-07
VOL_LAG46    2.706e-08   2.04e-07      0.133      0.895   -3.73e-07    4.27e-07
VOL_LAG47    6.755e-08   2.19e-07      0.308      0.758   -3.62e-07    4.97e-07
VOL_LAG48   -5.229e-08   2.34e-07     -0.223      0.823   -5.11e-07    4.06e-07
VOL_LAG49    1.016e-07   1.91e-07      0.532      0.595   -2.73e-07    4.76e-07
VOL_LAG5     2.303e-07      1e-07      2.301      0.021    3.41e-08    4.26e-07
VOL_LAG50   -1.524e-07   2.83e-07     -0.538      0.591   -7.08e-07    4.03e-07
VOL_LAG51    7.129e-08   1.96e-07      0.364      0.716   -3.12e-07    4.55e-07
VOL_LAG52   -2.145e-07    3.2e-07     -0.671      0.502   -8.41e-07    4.12e-07
VOL_LAG53    7.628e-08   2.07e-07      0.369      0.712   -3.29e-07    4.82e-07
VOL_LAG54   -1.164e-07   2.67e-07     -0.436      0.663   -6.39e-07    4.06e-07
VOL_LAG55    3.525e-08   1.93e-07      0.183      0.855   -3.43e-07    4.13e-07
VOL_LAG56    1.418e-07   1.69e-07      0.838      0.402    -1.9e-07    4.74e-07
VOL_LAG57   -2.973e-08   2.41e-07     -0.123      0.902   -5.02e-07    4.42e-07
VOL_LAG58    9.738e-08   1.92e-07      0.507      0.612   -2.79e-07    4.74e-07
VOL_LAG59   -4.449e-08   2.35e-07     -0.189      0.850   -5.06e-07    4.17e-07
VOL_LAG6     1.279e-07   1.25e-07      1.026      0.305   -1.16e-07    3.72e-07
VOL_LAG60    2.666e-07   1.29e-07      2.063      0.039    1.33e-08     5.2e-07
VOL_LAG61    2.744e-07   1.61e-07      1.701      0.089   -4.19e-08    5.91e-07
VOL_LAG62   -5.138e-07    4.3e-07     -1.196      0.232   -1.36e-06    3.28e-07
VOL_LAG63   -1.707e-07   3.21e-07     -0.532      0.595      -8e-07    4.58e-07
VOL_LAG64   -1.138e-08    2.6e-07     -0.044      0.965   -5.21e-07    4.99e-07
VOL_LAG65   -2.711e-07   3.26e-07     -0.833      0.405   -9.09e-07    3.67e-07
VOL_LAG66    7.915e-08   2.02e-07      0.392      0.695   -3.16e-07    4.74e-07
VOL_LAG67    2.739e-08   2.21e-07      0.124      0.901   -4.05e-07     4.6e-07
VOL_LAG68    1.349e-07   2.07e-07      0.651      0.515   -2.71e-07    5.41e-07
VOL_LAG69   -2.168e-07   3.32e-07     -0.652      0.514   -8.68e-07    4.35e-07
VOL_LAG7     2.014e-07   1.15e-07      1.754      0.079   -2.37e-08    4.27e-07
VOL_LAG70     4.13e-08   2.53e-07      0.163      0.870   -4.55e-07    5.37e-07
VOL_LAG71   -7.375e-07   4.94e-07     -1.493      0.135   -1.71e-06     2.3e-07
VOL_LAG72     7.56e-08    2.1e-07      0.360      0.719   -3.36e-07    4.87e-07
VOL_LAG73    1.043e-07   2.01e-07      0.520      0.603   -2.89e-07    4.97e-07
VOL_LAG74    4.381e-08   2.07e-07      0.212      0.832   -3.62e-07     4.5e-07
VOL_LAG75    6.345e-08   2.06e-07      0.309      0.758   -3.39e-07    4.66e-07
VOL_LAG76    1.011e-07   1.74e-07      0.580      0.562   -2.41e-07    4.43e-07
VOL_LAG77    1.188e-07    2.4e-07      0.494      0.621   -3.52e-07     5.9e-07
VOL_LAG78   -7.448e-07   5.06e-07     -1.472      0.141   -1.74e-06    2.47e-07
VOL_LAG79   -1.709e-07   3.37e-07     -0.507      0.612   -8.32e-07     4.9e-07
VOL_LAG8      8.95e-08   1.38e-07      0.649      0.516   -1.81e-07     3.6e-07
VOL_LAG80    2.102e-07   1.65e-07      1.274      0.203   -1.13e-07    5.33e-07
VOL_LAG81   -1.807e-07   3.44e-07     -0.525      0.600   -8.56e-07    4.94e-07
VOL_LAG82   -3.409e-07   3.91e-07     -0.873      0.383   -1.11e-06    4.25e-07
VOL_LAG83    1.579e-07    1.6e-07      0.990      0.322   -1.55e-07    4.71e-07
VOL_LAG84    3.339e-07    1.2e-07      2.779      0.005    9.84e-08    5.69e-07
VOL_LAG85   -1.153e-07   2.71e-07     -0.425      0.671   -6.47e-07    4.17e-07
VOL_LAG86    1.543e-07   1.77e-07      0.874      0.382   -1.92e-07    5.01e-07
VOL_LAG87   -8.857e-08   3.01e-07     -0.294      0.769   -6.79e-07    5.02e-07
VOL_LAG88   -1.819e-07   3.43e-07     -0.530      0.596   -8.54e-07    4.91e-07
VOL_LAG89    2.087e-07   1.72e-07      1.211      0.226   -1.29e-07    5.47e-07
VOL_LAG9     1.768e-07   1.24e-07      1.420      0.156   -6.72e-08    4.21e-07
VOL_LAG90   -7.655e-08   2.81e-07     -0.272      0.786   -6.28e-07    4.75e-07
VOL_LAG91   -1.302e-07   3.16e-07     -0.412      0.680    -7.5e-07    4.89e-07
VOL_LAG92   -3.669e-07    4.5e-07     -0.816      0.415   -1.25e-06    5.15e-07
VOL_LAG93   -7.581e-08      3e-07     -0.253      0.800   -6.63e-07    5.11e-07
VOL_LAG94   -5.952e-08   2.75e-07     -0.216      0.829   -5.99e-07     4.8e-07
VOL_LAG95    7.033e-08   1.91e-07      0.368      0.713   -3.05e-07    4.45e-07
VOL_LAG96     6.84e-08   2.14e-07      0.319      0.749   -3.51e-07    4.88e-07
VOL_LAG97    1.164e-07    1.9e-07      0.612      0.541   -2.56e-07    4.89e-07
VOL_LAG98     1.41e-08   2.37e-07      0.060      0.952    -4.5e-07    4.78e-07
VOL_LAG99   -3.998e-07   4.74e-07     -0.844      0.399   -1.33e-06    5.29e-07
===============================================================================