                 Generalized Linear Model Regression Results                  
==============================================================================
Dep. Variable:                      Y   No. Observations:                15172
Model:                            GLM   Df Residuals:                    14991
Model Family:                Binomial   Df Model:                          180
Link Function:                  Logit   Scale:                          1.0000
Method:                          IRLS   Log-Likelihood:                -3198.7
Date:                Sun, 17 Mar 2024   Deviance:                       6397.3
Time:                        19:20:41   Pearson chi2:                 1.45e+04
No. Iterations:                     7   Pseudo R-squ. (CS):            0.05292
Covariance Type:            nonrobust                                         
==============================================================================
                 coef    std err          z      P>|z|      [0.025      0.975]
------------------------------------------------------------------------------
Intercept     -3.5794      0.061    -58.859      0.000      -3.699      -3.460
RET_LAG1     264.3596     44.203      5.981      0.000     177.724     350.995
RET_LAG10     78.6369     47.231      1.665      0.096     -13.934     171.208
RET_LAG11    107.8602     46.626      2.313      0.021      16.476     199.245
RET_LAG12     20.1551     47.641      0.423      0.672     -73.219     113.529
RET_LAG13    104.7564     46.443      2.256      0.024      13.729     195.784
RET_LAG14     60.1725     47.101      1.278      0.201     -32.144     152.489
RET_LAG15     36.5483     47.808      0.764      0.445     -57.154     130.251
RET_LAG16     32.1290     46.778      0.687      0.492     -59.554     123.812
RET_LAG17    -51.1137     47.759     -1.070      0.285    -144.719      42.491
RET_LAG18     94.1740     46.341      2.032      0.042       3.347     185.001
RET_LAG19     88.1226     47.133      1.870      0.062      -4.257     180.502
RET_LAG2      18.8450     47.792      0.394      0.693     -74.825     112.515
RET_LAG20     -4.0004     48.791     -0.082      0.935     -99.629      91.628
RET_LAG21     39.5367     47.640      0.830      0.407     -53.836     132.910
RET_LAG22    -16.1127     48.591     -0.332      0.740    -111.350      79.125
RET_LAG23     47.1288     47.605      0.990      0.322     -46.175     140.433
RET_LAG24     30.2078     48.749      0.620      0.535     -65.339     125.754
RET_LAG25     24.2646     48.114      0.504      0.614     -70.038     118.567
RET_LAG26     41.0893     48.465      0.848      0.397     -53.900     136.079
RET_LAG27      5.3383     48.731      0.110      0.913     -90.172     100.849
RET_LAG28     81.1815     47.851      1.697      0.090     -12.605     174.968
RET_LAG29     14.2048     48.577      0.292      0.770     -81.005     109.414
RET_LAG3     152.3200     45.429      3.353      0.001      63.280     241.360
RET_LAG30     52.1223     47.739      1.092      0.275     -41.444     145.689
RET_LAG31     87.5352     47.930      1.826      0.068      -6.406     181.476
RET_LAG32      2.0517     49.027      0.042      0.967     -94.039      98.142
RET_LAG33     11.4195     48.899      0.234      0.815     -84.420     107.259
RET_LAG34    -31.5018     49.630     -0.635      0.526    -128.775      65.772
RET_LAG35    -21.3074     49.521     -0.430      0.667    -118.367      75.752
RET_LAG36     44.6891     48.365      0.924      0.355     -50.105     139.484
RET_LAG37    -24.2918     49.641     -0.489      0.625    -121.587      73.003
RET_LAG38    122.0740     48.006      2.543      0.011      27.985     216.163
RET_LAG39    -32.7865     50.207     -0.653      0.514    -131.191      65.618
RET_LAG4     176.4591     46.472      3.797      0.000      85.376     267.542
RET_LAG40     64.2956     48.245      1.333      0.183     -30.263     158.854
RET_LAG41    -53.3789     50.487     -1.057      0.290    -152.332      45.574
RET_LAG42     51.0398     48.881      1.044      0.296     -44.766     146.845
RET_LAG43     51.1094     49.309      1.037      0.300     -45.534     147.753
RET_LAG44    -77.6001     50.389     -1.540      0.124    -176.360      21.160
RET_LAG45     21.2946     49.963      0.426      0.670     -76.632     119.221
RET_LAG46     89.9665     49.049      1.834      0.067      -6.168     186.101
RET_LAG47     98.5897     49.157      2.006      0.045       2.243     194.936
RET_LAG48     58.0999     47.825      1.215      0.224     -35.635     151.835
RET_LAG49    158.1850     48.598      3.255      0.001      62.934     253.436
RET_LAG5      62.3550     47.758      1.306      0.192     -31.248     155.958
RET_LAG50    -25.3463     50.559     -0.501      0.616    -124.441      73.748
RET_LAG51    106.8488     48.332      2.211      0.027      12.119     201.578
RET_LAG52    -13.5412     50.812     -0.266      0.790    -113.132      86.049
RET_LAG53     44.1241     49.850      0.885      0.376     -53.580     141.828
RET_LAG54     74.0540     49.462      1.497      0.134     -22.889     170.997
RET_LAG55     39.1593     50.509      0.775      0.438     -59.836     138.155
RET_LAG56    -36.9981     50.277     -0.736      0.462    -135.539      61.543
RET_LAG57    104.0635     48.306      2.154      0.031       9.385     198.742
RET_LAG58    -11.0819     50.634     -0.219      0.827    -110.323      88.159
RET_LAG59    -25.0533     49.464     -0.506      0.613    -122.001      71.895
RET_LAG6     127.7974     46.479      2.750      0.006      36.700     218.894
RET_LAG60     97.0293     48.438      2.003      0.045       2.092     191.966
RET_LAG7     -46.9501     48.813     -0.962      0.336    -142.622      48.722
RET_LAG8      10.6927     47.209      0.226      0.821     -81.834     103.220
RET_LAG9      72.0580     46.917      1.536      0.125     -19.897     164.013
VIOL_LAG1      0.8985      0.137      6.557      0.000       0.630       1.167
VIOL_LAG10     0.3862      0.145      2.658      0.008       0.101       0.671
VIOL_LAG11     0.5276      0.142      3.713      0.000       0.249       0.806
VIOL_LAG12     0.1805      0.147      1.226      0.220      -0.108       0.469
VIOL_LAG13     0.5608      0.142      3.953      0.000       0.283       0.839
VIOL_LAG14     0.1243      0.150      0.829      0.407      -0.170       0.418
VIOL_LAG15     0.4145      0.144      2.883      0.004       0.133       0.696
VIOL_LAG16     0.1436      0.149      0.965      0.334      -0.148       0.435
VIOL_LAG17    -0.1222      0.153     -0.797      0.425      -0.422       0.178
VIOL_LAG18     0.2912      0.148      1.969      0.049       0.001       0.581
VIOL_LAG19     0.2237      0.150      1.491      0.136      -0.070       0.518
VIOL_LAG2      0.3147      0.144      2.192      0.028       0.033       0.596
VIOL_LAG20     0.1830      0.150      1.221      0.222      -0.111       0.477
VIOL_LAG21     0.1307      0.152      0.857      0.391      -0.168       0.429
VIOL_LAG22     0.0624      0.152      0.410      0.682      -0.236       0.361
VIOL_LAG23    -0.0088      0.156     -0.056      0.955      -0.315       0.298
VIOL_LAG24    -0.0546      0.157     -0.348      0.728      -0.362       0.253
VIOL_LAG25     0.0724      0.154      0.471      0.638      -0.229       0.374
VIOL_LAG26     0.1247      0.154      0.811      0.418      -0.177       0.426
VIOL_LAG27     0.1223      0.153      0.801      0.423      -0.177       0.422
VIOL_LAG28     0.0305      0.158      0.193      0.847      -0.279       0.340
VIOL_LAG29     0.2187      0.152      1.442      0.149      -0.079       0.516
VIOL_LAG3      0.5392      0.142      3.807      0.000       0.262       0.817
VIOL_LAG30     0.1860      0.154      1.210      0.226      -0.115       0.487
VIOL_LAG31     0.3367      0.151      2.223      0.026       0.040       0.634
VIOL_LAG32    -0.0210      0.159     -0.133      0.894      -0.332       0.290
VIOL_LAG33     0.1384      0.155      0.895      0.371      -0.165       0.442
VIOL_LAG34     0.0993      0.155      0.639      0.523      -0.205       0.404
VIOL_LAG35     0.0405      0.157      0.259      0.796      -0.266       0.348
VIOL_LAG36     0.1208      0.155      0.778      0.437      -0.184       0.425
VIOL_LAG37    -0.0268      0.158     -0.169      0.865      -0.337       0.284
VIOL_LAG38     0.0450      0.161      0.279      0.780      -0.271       0.361
VIOL_LAG39     0.0380      0.159      0.240      0.811      -0.273       0.349
VIOL_LAG4      0.6280      0.142      4.430      0.000       0.350       0.906
VIOL_LAG40    -0.0226      0.161     -0.140      0.888      -0.338       0.293
VIOL_LAG41    -0.0329      0.160     -0.206      0.836      -0.346       0.280
VIOL_LAG42     0.2721      0.154      1.767      0.077      -0.030       0.574
VIOL_LAG43     0.1917      0.155      1.235      0.217      -0.113       0.496
VIOL_LAG44    -0.1521      0.161     -0.943      0.346      -0.468       0.164
VIOL_LAG45     0.0324      0.160      0.203      0.839      -0.281       0.346
VIOL_LAG46     0.3725      0.153      2.437      0.015       0.073       0.672
VIOL_LAG47     0.5321      0.149      3.560      0.000       0.239       0.825
VIOL_LAG48     0.1126      0.157      0.716      0.474      -0.196       0.421
VIOL_LAG49     0.4147      0.154      2.694      0.007       0.113       0.716
VIOL_LAG5      0.2574      0.147      1.757      0.079      -0.030       0.545
VIOL_LAG50    -0.2297      0.166     -1.385      0.166      -0.555       0.095
VIOL_LAG51     0.1860      0.157      1.182      0.237      -0.122       0.494
VIOL_LAG52    -0.1493      0.165     -0.907      0.364      -0.472       0.173
VIOL_LAG53     0.2628      0.156      1.688      0.091      -0.042       0.568
VIOL_LAG54    -0.0437      0.165     -0.265      0.791      -0.366       0.279
VIOL_LAG55     0.2878      0.156      1.849      0.064      -0.017       0.593
VIOL_LAG56    -0.0389      0.161     -0.242      0.809      -0.354       0.276
VIOL_LAG57     0.2474      0.156      1.581      0.114      -0.059       0.554
VIOL_LAG58     0.1522      0.157      0.970      0.332      -0.155       0.460
VIOL_LAG59    -0.0657      0.162     -0.405      0.686      -0.384       0.252
VIOL_LAG6      0.5022      0.143      3.502      0.000       0.221       0.783
VIOL_LAG60     0.2745      0.154      1.778      0.075      -0.028       0.577
VIOL_LAG7      0.0927      0.148      0.626      0.532      -0.198       0.383
VIOL_LAG8      0.0806      0.150      0.537      0.591      -0.214       0.375
VIOL_LAG9      0.1821      0.149      1.223      0.221      -0.110       0.474
VOL_LAG1    8.502e-08   8.46e-08      1.005      0.315   -8.08e-08    2.51e-07
VOL_LAG10   -9.43e-08   1.71e-07     -0.551      0.582    -4.3e-07    2.41e-07
VOL_LAG11   1.141e-07   9.63e-08      1.185      0.236   -7.47e-08    3.03e-07
VOL_LAG12   7.097e-08   1.16e-07      0.612      0.541   -1.57e-07    2.98e-07
VOL_LAG13   8.551e-08   1.01e-07      0.844      0.399   -1.13e-07    2.84e-07
VOL_LAG14   6.635e-08   1.24e-07      0.533      0.594   -1.78e-07     3.1e-07
VOL_LAG15    -4.2e-09   1.33e-07     -0.032      0.975   -2.65e-07    2.57e-07
VOL_LAG16   1.309e-07   1.14e-07      1.145      0.252   -9.31e-08    3.55e-07
VOL_LAG17  -1.846e-07   2.45e-07     -0.753      0.452   -6.65e-07    2.96e-07
VOL_LAG18  -5.417e-08   1.74e-07     -0.312      0.755   -3.95e-07    2.87e-07
VOL_LAG19   7.406e-08   1.29e-07      0.574      0.566   -1.79e-07    3.27e-07
VOL_LAG2    2.092e-07   7.29e-08      2.871      0.004    6.64e-08    3.52e-07
VOL_LAG20  -1.155e-08   1.51e-07     -0.077      0.939   -3.07e-07    2.84e-07
VOL_LAG21  -6.051e-08   1.91e-07     -0.318      0.751   -4.34e-07    3.13e-07
VOL_LAG22  -1.548e-07   2.29e-07     -0.675      0.500   -6.05e-07    2.95e-07
VOL_LAG23   1.361e-07   1.09e-07      1.246      0.213    -7.8e-08     3.5e-07
VOL_LAG24  -1.634e-08   1.61e-07     -0.102      0.919   -3.31e-07    2.99e-07
VOL_LAG25   6.348e-08   1.31e-07      0.486      0.627   -1.93e-07     3.2e-07
VOL_LAG26   3.622e-10   1.59e-07      0.002      0.998   -3.12e-07    3.12e-07
VOL_LAG27  -8.619e-08   2.14e-07     -0.403      0.687   -5.05e-07    3.33e-07
VOL_LAG28  -9.174e-08   2.18e-07     -0.421      0.674   -5.19e-07    3.36e-07
VOL_LAG29  -1.176e-07   2.19e-07     -0.536      0.592   -5.48e-07    3.12e-07
VOL_LAG3    8.373e-08   8.99e-08      0.931      0.352   -9.25e-08     2.6e-07
VOL_LAG30    1.55e-07   1.12e-07      1.379      0.168   -6.54e-08    3.75e-07
VOL_LAG31  -8.257e-08   2.14e-07     -0.386      0.700   -5.02e-07    3.37e-07
VOL_LAG32  -1.086e-07   2.33e-07     -0.466      0.641   -5.65e-07    3.48e-07
VOL_LAG33  -1.766e-07   2.67e-07     -0.660      0.509   -7.01e-07    3.47e-07
VOL_LAG34  -1.479e-07   2.54e-07     -0.582      0.560   -6.46e-07     3.5e-07
VOL_LAG35  -7.453e-08   2.26e-07     -0.330      0.741   -5.17e-07    3.68e-07
VOL_LAG36   8.964e-08    1.3e-07      0.688      0.491   -1.66e-07    3.45e-07
VOL_LAG37  -1.559e-08   1.74e-07     -0.090      0.929   -3.56e-07    3.25e-07
VOL_LAG38   1.261e-07    1.2e-07      1.054      0.292   -1.08e-07    3.61e-07
VOL_LAG39  -2.731e-07   3.27e-07     -0.834      0.404   -9.15e-07    3.68e-07
VOL_LAG4    1.326e-08   1.03e-07      0.129      0.898   -1.89e-07    2.15e-07
VOL_LAG40  -6.843e-08   2.24e-07     -0.305      0.760   -5.08e-07    3.71e-07
VOL_LAG41   1.245e-07   1.39e-07      0.898      0.369   -1.47e-07    3.96e-07
VOL_LAG42  -4.574e-07   3.87e-07     -1.183      0.237   -1.22e-06    3.01e-07
VOL_LAG43   1.872e-07   1.02e-07      1.832      0.067    -1.3e-08    3.88e-07
VOL_LAG44  -1.006e-07   2.56e-07     -0.394      0.694   -6.02e-07       4e-07
VOL_LAG45  -7.335e-07   4.46e-07     -1.644      0.100   -1.61e-06    1.41e-07
VOL_LAG46  -1.561e-07   2.43e-07     -0.644      0.520   -6.31e-07    3.19e-07
VOL_LAG47   1.275e-07   1.24e-07      1.026      0.305   -1.16e-07    3.71e-07
VOL_LAG48   9.656e-08   1.29e-07      0.750      0.454   -1.56e-07    3.49e-07
VOL_LAG49  -2.103e-07   2.79e-07     -0.754      0.451   -7.57e-07    3.36e-07
VOL_LAG5    5.722e-09   1.18e-07      0.048      0.961   -2.26e-07    2.38e-07
VOL_LAG50  -1.101e-07   2.21e-07     -0.498      0.618   -5.43e-07    3.23e-07
VOL_LAG51   -7.06e-08   2.04e-07     -0.346      0.729    -4.7e-07    3.29e-07
VOL_LAG52   1.212e-07   1.25e-07      0.967      0.334   -1.25e-07    3.67e-07
VOL_LAG53  -3.063e-07    3.3e-07     -0.929      0.353   -9.53e-07     3.4e-07
VOL_LAG54   8.933e-08   1.16e-07      0.772      0.440   -1.37e-07    3.16e-07
VOL_LAG55   2.225e-08   1.41e-07      0.158      0.875   -2.54e-07    2.99e-07
VOL_LAG56   4.734e-08   1.31e-07      0.363      0.717   -2.08e-07    3.03e-07
VOL_LAG57  -2.636e-08   1.75e-07     -0.150      0.880    -3.7e-07    3.17e-07
VOL_LAG58  -1.324e-07   2.18e-07     -0.607      0.544    -5.6e-07    2.95e-07
VOL_LAG59  -1.542e-07   2.35e-07     -0.657      0.511   -6.14e-07    3.06e-07
VOL_LAG6    4.733e-08   1.04e-07      0.456      0.649   -1.56e-07    2.51e-07
VOL_LAG60   1.466e-07   9.99e-08      1.468      0.142   -4.92e-08    3.42e-07
VOL_LAG7     2.98e-08   1.14e-07      0.262      0.793   -1.93e-07    2.52e-07
VOL_LAG8    -1.16e-08   1.17e-07     -0.099      0.921   -2.42e-07    2.18e-07
VOL_LAG9    9.739e-08   9.79e-08      0.995      0.320   -9.45e-08    2.89e-07
==============================================================================