                 Generalized Linear Model Regression Results                  
==============================================================================
Dep. Variable:                      Y   No. Observations:                15172
Model:                            GLM   Df Residuals:                    14986
Model Family:                Binomial   Df Model:                          185
Link Function:                  Logit   Scale:                          1.0000
Method:                          IRLS   Log-Likelihood:                -3165.4
Date:                Sun, 17 Mar 2024   Deviance:                       6330.8
Time:                        19:21:59   Pearson chi2:                 1.43e+04
No. Iterations:                   100   Pseudo R-squ. (CS):            0.05706
Covariance Type:            nonrobust                                         
================================================================================
                   coef    std err          z      P>|z|      [0.025      0.975]
--------------------------------------------------------------------------------
Intercept       -3.4469      0.061    -56.282      0.000      -3.567      -3.327
SQ_RET_LAG1    7.41e+04   1.18e+04      6.289      0.000     5.1e+04    9.72e+04
SQ_RET_LAG10   1.55e+04   1.11e+04      1.398      0.162   -6225.989    3.72e+04
SQ_RET_LAG11 -5617.9417   1.26e+04     -0.447      0.655   -3.03e+04     1.9e+04
SQ_RET_LAG12  7539.0403    1.2e+04      0.627      0.531    -1.6e+04    3.11e+04
SQ_RET_LAG13 -1.091e+04   1.31e+04     -0.832      0.405   -3.66e+04    1.48e+04
SQ_RET_LAG14  1.248e+04   1.11e+04      1.125      0.260   -9254.678    3.42e+04
SQ_RET_LAG15  1.509e+04   1.08e+04      1.393      0.164   -6142.768    3.63e+04
SQ_RET_LAG16 -1.379e+04   1.24e+04     -1.112      0.266   -3.81e+04    1.05e+04
SQ_RET_LAG17  -163.5628   1.37e+04     -0.012      0.990   -2.69e+04    2.66e+04
SQ_RET_LAG18  5958.7314   1.19e+04      0.502      0.616   -1.73e+04    2.92e+04
SQ_RET_LAG19  5752.7109   1.17e+04      0.492      0.623   -1.72e+04    2.87e+04
SQ_RET_LAG2  -3.206e+04   1.47e+04     -2.187      0.029   -6.08e+04   -3324.275
SQ_RET_LAG20 -6770.8797   1.22e+04     -0.556      0.578   -3.06e+04    1.71e+04
SQ_RET_LAG21  1.278e+04   1.15e+04      1.111      0.266   -9759.776    3.53e+04
SQ_RET_LAG22 -4418.9007   1.34e+04     -0.330      0.741   -3.06e+04    2.18e+04
SQ_RET_LAG23  4857.3994   1.31e+04      0.372      0.710   -2.08e+04    3.05e+04
SQ_RET_LAG24 -1.354e+04    1.6e+04     -0.847      0.397   -4.49e+04    1.78e+04
SQ_RET_LAG25  6447.0942   1.23e+04      0.524      0.600   -1.77e+04    3.06e+04
SQ_RET_LAG26  1.503e+04   1.15e+04      1.313      0.189   -7409.797    3.75e+04
SQ_RET_LAG27  4386.1585   1.16e+04      0.378      0.706   -1.84e+04    2.71e+04
SQ_RET_LAG28  2722.2466   1.22e+04      0.223      0.824   -2.12e+04    2.67e+04
SQ_RET_LAG29  6554.3544   1.21e+04      0.540      0.589   -1.72e+04    3.03e+04
SQ_RET_LAG3    2.72e+04   1.04e+04      2.605      0.009    6736.823    4.77e+04
SQ_RET_LAG30 -9089.4721   1.48e+04     -0.616      0.538    -3.8e+04    1.98e+04
SQ_RET_LAG31 -7576.7512   1.45e+04     -0.521      0.602   -3.61e+04    2.09e+04
SQ_RET_LAG32  9503.3591   1.29e+04      0.739      0.460   -1.57e+04    3.47e+04
SQ_RET_LAG33 -9223.9548   1.48e+04     -0.624      0.533   -3.82e+04    1.97e+04
SQ_RET_LAG34 -4.709e+04   2.16e+04     -2.184      0.029   -8.94e+04   -4824.645
SQ_RET_LAG35 -3.269e+04   1.74e+04     -1.878      0.060   -6.68e+04    1419.234
SQ_RET_LAG36  3.276e+04   1.19e+04      2.763      0.006    9519.350     5.6e+04
SQ_RET_LAG37   -3.4e+04   1.53e+04     -2.219      0.026    -6.4e+04   -3972.394
SQ_RET_LAG38  3.759e+04   1.19e+04      3.152      0.002    1.42e+04     6.1e+04
SQ_RET_LAG39  -2.74e+04   1.53e+04     -1.793      0.073   -5.74e+04    2552.354
SQ_RET_LAG4   7675.0785   1.06e+04      0.727      0.467    -1.3e+04    2.84e+04
SQ_RET_LAG40  7200.0493   1.34e+04      0.536      0.592   -1.91e+04    3.35e+04
SQ_RET_LAG41  -972.3322   1.24e+04     -0.078      0.938   -2.53e+04    2.33e+04
SQ_RET_LAG42  3451.8732   1.33e+04      0.260      0.795   -2.26e+04    2.95e+04
SQ_RET_LAG43 -4828.4807   1.27e+04     -0.381      0.703   -2.96e+04       2e+04
SQ_RET_LAG44  7442.4798   1.19e+04      0.623      0.533    -1.6e+04    3.08e+04
SQ_RET_LAG45  2803.9426   1.32e+04      0.213      0.832   -2.31e+04    2.87e+04
SQ_RET_LAG46 -1.847e+04   1.67e+04     -1.109      0.267   -5.11e+04    1.42e+04
SQ_RET_LAG47  1.436e+04   1.08e+04      1.326      0.185   -6869.996    3.56e+04
SQ_RET_LAG48  -790.1957   1.05e+04     -0.076      0.940   -2.13e+04    1.97e+04
SQ_RET_LAG49  1.567e+04   1.18e+04      1.332      0.183   -7379.650    3.87e+04
SQ_RET_LAG5    835.2754   1.11e+04      0.075      0.940   -2.09e+04    2.25e+04
SQ_RET_LAG50 -2.381e+04   1.84e+04     -1.291      0.197   -5.99e+04    1.23e+04
SQ_RET_LAG51  -445.1305   1.42e+04     -0.031      0.975   -2.82e+04    2.73e+04
SQ_RET_LAG52 -4.367e+04   2.14e+04     -2.040      0.041   -8.56e+04   -1719.704
SQ_RET_LAG53  1.599e+04   1.12e+04      1.429      0.153   -5947.612    3.79e+04
SQ_RET_LAG54   951.9569   1.16e+04      0.082      0.935   -2.19e+04    2.38e+04
SQ_RET_LAG55  3688.4778   1.28e+04      0.287      0.774   -2.15e+04    2.88e+04
SQ_RET_LAG56 -3356.8919   1.32e+04     -0.255      0.799   -2.92e+04    2.25e+04
SQ_RET_LAG57 -1214.6232   1.24e+04     -0.098      0.922   -2.56e+04    2.32e+04
SQ_RET_LAG58  8125.4555   1.06e+04      0.767      0.443   -1.26e+04    2.89e+04
SQ_RET_LAG59  5962.4089   1.06e+04      0.561      0.575   -1.49e+04    2.68e+04
SQ_RET_LAG6   7785.0014   1.01e+04      0.767      0.443   -1.21e+04    2.77e+04
SQ_RET_LAG60  3675.9099   1.29e+04      0.286      0.775   -2.15e+04    2.89e+04
SQ_RET_LAG61 -3.338e+04   2.03e+04     -1.640      0.101   -7.33e+04    6505.469
SQ_RET_LAG62  1.061e+04   1.24e+04      0.854      0.393   -1.38e+04     3.5e+04
SQ_RET_LAG63 -5995.8254    1.2e+04     -0.501      0.616   -2.95e+04    1.75e+04
SQ_RET_LAG64   1.29e+04   1.17e+04      1.098      0.272   -1.01e+04    3.59e+04
SQ_RET_LAG65 -9161.4424    1.4e+04     -0.654      0.513   -3.66e+04    1.83e+04
SQ_RET_LAG66  2591.4923   1.13e+04      0.230      0.818   -1.95e+04    2.47e+04
SQ_RET_LAG67  1.454e+04   1.07e+04      1.365      0.172   -6340.502    3.54e+04
SQ_RET_LAG68 -3067.4758   1.27e+04     -0.242      0.809   -2.79e+04    2.17e+04
SQ_RET_LAG69 -3.926e+04   2.07e+04     -1.892      0.058   -7.99e+04    1407.431
SQ_RET_LAG7   2480.2016   1.15e+04      0.215      0.830   -2.01e+04    2.51e+04
SQ_RET_LAG70 -1.995e+04   1.77e+04     -1.129      0.259   -5.46e+04    1.47e+04
SQ_RET_LAG71  1430.3142   1.21e+04      0.118      0.906   -2.23e+04    2.52e+04
SQ_RET_LAG72  9944.1861   1.07e+04      0.926      0.355   -1.11e+04     3.1e+04
SQ_RET_LAG73  1827.1467   1.06e+04      0.172      0.864    -1.9e+04    2.27e+04
SQ_RET_LAG74  1.309e+04   1.17e+04      1.117      0.264   -9881.064    3.61e+04
SQ_RET_LAG75  -4.88e+04   2.33e+04     -2.096      0.036   -9.44e+04   -3163.306
SQ_RET_LAG76 -3695.8122   1.65e+04     -0.224      0.823   -3.61e+04    2.87e+04
SQ_RET_LAG77 -1.679e+04   1.64e+04     -1.026      0.305   -4.89e+04    1.53e+04
SQ_RET_LAG78  4509.1702   1.18e+04      0.381      0.704   -1.87e+04    2.77e+04
SQ_RET_LAG79  8431.3506   1.13e+04      0.746      0.455   -1.37e+04    3.06e+04
SQ_RET_LAG8   8002.3649   1.17e+04      0.683      0.495    -1.5e+04     3.1e+04
SQ_RET_LAG80 -1392.9159    1.3e+04     -0.107      0.915   -2.69e+04    2.41e+04
SQ_RET_LAG81 -1.728e+04   1.72e+04     -1.005      0.315    -5.1e+04    1.64e+04
SQ_RET_LAG82 -5127.4256   1.51e+04     -0.340      0.734   -3.47e+04    2.44e+04
SQ_RET_LAG83   799.8195   1.37e+04      0.059      0.953    -2.6e+04    2.76e+04
SQ_RET_LAG84 -4152.8371   1.19e+04     -0.348      0.728   -2.75e+04    1.92e+04
SQ_RET_LAG85  1.566e+04   1.07e+04      1.457      0.145   -5408.365    3.67e+04
SQ_RET_LAG86 -4416.5267   1.14e+04     -0.387      0.699   -2.68e+04     1.8e+04
SQ_RET_LAG87    1.3e+04   1.23e+04      1.053      0.292   -1.12e+04    3.72e+04
SQ_RET_LAG88 -2.236e+04   1.73e+04     -1.290      0.197   -5.63e+04    1.16e+04
SQ_RET_LAG89 -5310.2498   1.41e+04     -0.376      0.707    -3.3e+04    2.24e+04
SQ_RET_LAG9   2060.2101   1.13e+04      0.183      0.855      -2e+04    2.41e+04
SQ_RET_LAG90 -2367.5281   1.47e+04     -0.161      0.872   -3.11e+04    2.64e+04
VIOL_LAG1        0.2477      0.118      2.102      0.036       0.017       0.479
VIOL_LAG10       0.2866      0.118      2.431      0.015       0.056       0.518
VIOL_LAG11       0.3156      0.118      2.664      0.008       0.083       0.548
VIOL_LAG12       0.2139      0.120      1.775      0.076      -0.022       0.450
VIOL_LAG13       0.3600      0.118      3.048      0.002       0.128       0.591
VIOL_LAG14       0.0294      0.125      0.235      0.814      -0.215       0.274
VIOL_LAG15       0.3689      0.116      3.168      0.002       0.141       0.597
VIOL_LAG16       0.1815      0.123      1.475      0.140      -0.060       0.423
VIOL_LAG17       0.0252      0.126      0.200      0.842      -0.223       0.273
VIOL_LAG18       0.1455      0.123      1.185      0.236      -0.095       0.386
VIOL_LAG19       0.0665      0.125      0.533      0.594      -0.178       0.311
VIOL_LAG2        0.4138      0.118      3.509      0.000       0.183       0.645
VIOL_LAG20       0.2551      0.123      2.076      0.038       0.014       0.496
VIOL_LAG21       0.0444      0.127      0.351      0.726      -0.204       0.293
VIOL_LAG22       0.1211      0.127      0.956      0.339      -0.127       0.370
VIOL_LAG23      -0.0808      0.132     -0.614      0.539      -0.339       0.177
VIOL_LAG24      -0.0182      0.131     -0.139      0.890      -0.276       0.239
VIOL_LAG25       0.0819      0.127      0.645      0.519      -0.167       0.331
VIOL_LAG26      -0.0440      0.130     -0.339      0.735      -0.298       0.210
VIOL_LAG27       0.2149      0.124      1.731      0.083      -0.028       0.458
VIOL_LAG28      -0.1425      0.133     -1.069      0.285      -0.404       0.119
VIOL_LAG29       0.2660      0.124      2.147      0.032       0.023       0.509
VIOL_LAG3        0.2610      0.118      2.203      0.028       0.029       0.493
VIOL_LAG30       0.1180      0.129      0.915      0.360      -0.135       0.371
VIOL_LAG31       0.1973      0.127      1.557      0.119      -0.051       0.446
VIOL_LAG32       0.0146      0.130      0.112      0.911      -0.240       0.269
VIOL_LAG33       0.2031      0.129      1.581      0.114      -0.049       0.455
VIOL_LAG34       0.3131      0.130      2.410      0.016       0.058       0.568
VIOL_LAG35       0.1790      0.130      1.381      0.167      -0.075       0.433
VIOL_LAG36       0.0228      0.129      0.176      0.860      -0.230       0.276
VIOL_LAG37       0.0742      0.132      0.563      0.574      -0.184       0.333
VIOL_LAG38      -0.2520      0.139     -1.813      0.070      -0.524       0.020
VIOL_LAG39       0.1982      0.130      1.525      0.127      -0.057       0.453
VIOL_LAG4        0.2363      0.118      1.995      0.046       0.004       0.468
VIOL_LAG40      -0.1422      0.137     -1.038      0.299      -0.411       0.126
VIOL_LAG41       0.0663      0.131      0.507      0.612      -0.190       0.322
VIOL_LAG42       0.2477      0.126      1.959      0.050   -9.89e-05       0.496
VIOL_LAG43       0.1491      0.129      1.155      0.248      -0.104       0.402
VIOL_LAG44      -0.0221      0.133     -0.166      0.868      -0.282       0.238
VIOL_LAG45       0.0471      0.132      0.356      0.722      -0.212       0.307
VIOL_LAG46       0.2581      0.129      2.004      0.045       0.006       0.511
VIOL_LAG47       0.3085      0.123      2.503      0.012       0.067       0.550
VIOL_LAG48       0.0585      0.132      0.445      0.657      -0.199       0.316
VIOL_LAG49       0.1050      0.130      0.808      0.419      -0.150       0.360
VIOL_LAG5        0.1594      0.121      1.315      0.188      -0.078       0.397
VIOL_LAG50      -0.0640      0.141     -0.455      0.649      -0.340       0.212
VIOL_LAG51       0.0492      0.134      0.366      0.714      -0.214       0.312
VIOL_LAG52      -0.0319      0.141     -0.226      0.821      -0.308       0.245
VIOL_LAG53       0.1983      0.128      1.555      0.120      -0.052       0.448
VIOL_LAG54      -0.1664      0.139     -1.195      0.232      -0.439       0.106
VIOL_LAG55       0.2385      0.128      1.859      0.063      -0.013       0.490
VIOL_LAG56       0.1351      0.132      1.020      0.308      -0.124       0.395
VIOL_LAG57       0.1433      0.131      1.094      0.274      -0.113       0.400
VIOL_LAG58       0.1333      0.130      1.027      0.305      -0.121       0.388
VIOL_LAG59       0.0044      0.134      0.033      0.974      -0.259       0.268
VIOL_LAG6        0.2658      0.118      2.251      0.024       0.034       0.497
VIOL_LAG60       0.2183      0.130      1.678      0.093      -0.037       0.473
VIOL_LAG61       0.0501      0.139      0.361      0.718      -0.222       0.322
VIOL_LAG62       0.1283      0.132      0.970      0.332      -0.131       0.387
VIOL_LAG63       0.0760      0.135      0.563      0.574      -0.189       0.341
VIOL_LAG64       0.0502      0.134      0.374      0.708      -0.213       0.313
VIOL_LAG65       0.1408      0.135      1.041      0.298      -0.124       0.406
VIOL_LAG66       0.1207      0.133      0.908      0.364      -0.140       0.381
VIOL_LAG67      -0.0701      0.139     -0.503      0.615      -0.343       0.203
VIOL_LAG68      -0.2689      0.147     -1.824      0.068      -0.558       0.020
VIOL_LAG69       0.1967      0.139      1.420      0.155      -0.075       0.468
VIOL_LAG7        0.2337      0.120      1.949      0.051      -0.001       0.469
VIOL_LAG70       0.3721      0.131      2.848      0.004       0.116       0.628
VIOL_LAG71       0.0302      0.139      0.218      0.827      -0.242       0.302
VIOL_LAG72      -0.1602      0.144     -1.110      0.267      -0.443       0.123
VIOL_LAG73       0.2230      0.131      1.701      0.089      -0.034       0.480
VIOL_LAG74       0.2186      0.133      1.638      0.101      -0.043       0.480
VIOL_LAG75       0.0990      0.144      0.690      0.490      -0.182       0.380
VIOL_LAG76      -0.2537      0.152     -1.672      0.094      -0.551       0.044
VIOL_LAG77      -0.0080      0.144     -0.056      0.956      -0.290       0.274
VIOL_LAG78       0.0741      0.138      0.535      0.592      -0.197       0.345
VIOL_LAG79      -0.0396      0.145     -0.274      0.784      -0.323       0.244
VIOL_LAG8        0.0952      0.124      0.766      0.444      -0.148       0.339
VIOL_LAG80       0.1147      0.139      0.826      0.409      -0.157       0.387
VIOL_LAG81       0.2487      0.137      1.814      0.070      -0.020       0.517
VIOL_LAG82      -0.2596      0.154     -1.684      0.092      -0.562       0.043
VIOL_LAG83       0.2701      0.135      2.003      0.045       0.006       0.534
VIOL_LAG84       0.2076      0.136      1.526      0.127      -0.059       0.474
VIOL_LAG85       0.1501      0.137      1.094      0.274      -0.119       0.419
VIOL_LAG86       0.2004      0.135      1.479      0.139      -0.065       0.466
VIOL_LAG87       0.1013      0.141      0.721      0.471      -0.174       0.377
VIOL_LAG88       0.2537      0.139      1.828      0.068      -0.018       0.526
VIOL_LAG89       0.0228      0.143      0.159      0.874      -0.258       0.304
VIOL_LAG9        0.1296      0.123      1.054      0.292      -0.111       0.371
VIOL_LAG90       0.0236      0.144      0.165      0.869      -0.258       0.305
VOL_LAG1      7.829e-08   8.41e-08      0.931      0.352   -8.66e-08    2.43e-07
VOL_LAG10    -5.323e-08   1.45e-07     -0.366      0.714   -3.38e-07    2.32e-07
VOL_LAG11     1.016e-07   9.33e-08      1.089      0.276   -8.13e-08    2.84e-07
VOL_LAG12      6.43e-08   1.16e-07      0.555      0.579   -1.63e-07    2.91e-07
VOL_LAG13     9.451e-08   9.55e-08      0.990      0.322   -9.26e-08    2.82e-07
VOL_LAG14      5.95e-08   1.17e-07      0.507      0.612    -1.7e-07    2.89e-07
VOL_LAG15     1.714e-08   1.23e-07      0.140      0.889   -2.23e-07    2.57e-07
VOL_LAG16     1.001e-07   1.05e-07      0.955      0.340   -1.05e-07    3.06e-07
VOL_LAG17    -1.889e-07   2.36e-07     -0.800      0.424   -6.52e-07    2.74e-07
VOL_LAG18     -2.23e-08   1.66e-07     -0.134      0.893   -3.48e-07    3.03e-07
VOL_LAG19     6.946e-08    1.2e-07      0.580      0.562   -1.65e-07    3.04e-07
VOL_LAG2      2.262e-07   6.96e-08      3.251      0.001    8.98e-08    3.63e-07
VOL_LAG20    -1.947e-08   1.35e-07     -0.144      0.885   -2.84e-07    2.45e-07
VOL_LAG21    -4.904e-08   1.76e-07     -0.279      0.780   -3.93e-07    2.95e-07
VOL_LAG22    -1.164e-07   2.03e-07     -0.573      0.567   -5.15e-07    2.82e-07
VOL_LAG23     1.233e-07   1.08e-07      1.143      0.253   -8.81e-08    3.35e-07
VOL_LAG24     2.282e-08    1.4e-07      0.162      0.871   -2.52e-07    2.98e-07
VOL_LAG25     5.666e-08   1.25e-07      0.453      0.651   -1.89e-07    3.02e-07
VOL_LAG26    -1.549e-08   1.57e-07     -0.098      0.922   -3.24e-07    2.93e-07
VOL_LAG27     -4.09e-08   1.83e-07     -0.224      0.823   -3.99e-07    3.18e-07
VOL_LAG28    -5.434e-08    1.9e-07     -0.286      0.775   -4.27e-07    3.18e-07
VOL_LAG29    -5.409e-08   1.78e-07     -0.303      0.762   -4.03e-07    2.95e-07
VOL_LAG3      9.251e-08   8.72e-08      1.061      0.289   -7.84e-08    2.63e-07
VOL_LAG30     1.371e-07   1.04e-07      1.323      0.186   -6.59e-08     3.4e-07
VOL_LAG31    -3.943e-08   1.76e-07     -0.224      0.823   -3.85e-07    3.06e-07
VOL_LAG32    -7.084e-08   1.95e-07     -0.364      0.716   -4.52e-07    3.11e-07
VOL_LAG33    -9.554e-08   2.12e-07     -0.450      0.653   -5.12e-07    3.21e-07
VOL_LAG34     -2.05e-08   1.73e-07     -0.119      0.906   -3.59e-07    3.18e-07
VOL_LAG35    -5.283e-08   1.94e-07     -0.273      0.785   -4.32e-07    3.27e-07
VOL_LAG36      8.83e-08   1.21e-07      0.728      0.466   -1.49e-07    3.26e-07
VOL_LAG37     1.104e-08   1.53e-07      0.072      0.943    -2.9e-07    3.12e-07
VOL_LAG38     1.015e-07   1.17e-07      0.864      0.387   -1.29e-07    3.32e-07
VOL_LAG39    -1.055e-07   2.33e-07     -0.452      0.651   -5.63e-07    3.52e-07
VOL_LAG4      3.797e-08    9.9e-08      0.384      0.701   -1.56e-07    2.32e-07
VOL_LAG40    -4.689e-08   1.91e-07     -0.245      0.807   -4.22e-07    3.28e-07
VOL_LAG41     1.284e-07   1.24e-07      1.035      0.300   -1.15e-07    3.71e-07
VOL_LAG42    -2.505e-07      3e-07     -0.835      0.404   -8.39e-07    3.38e-07
VOL_LAG43     1.676e-07   9.86e-08      1.700      0.089   -2.56e-08    3.61e-07
VOL_LAG44    -1.046e-07   2.42e-07     -0.433      0.665   -5.78e-07    3.69e-07
VOL_LAG45    -3.955e-07   3.73e-07     -1.060      0.289   -1.13e-06    3.35e-07
VOL_LAG46    -4.906e-08   1.82e-07     -0.270      0.787   -4.06e-07    3.07e-07
VOL_LAG47     1.301e-07   1.12e-07      1.165      0.244   -8.87e-08    3.49e-07
VOL_LAG48      1.19e-07   1.11e-07      1.073      0.283   -9.83e-08    3.36e-07
VOL_LAG49    -1.134e-07   2.22e-07     -0.510      0.610   -5.49e-07    3.22e-07
VOL_LAG5      3.888e-08   1.04e-07      0.376      0.707   -1.64e-07    2.42e-07
VOL_LAG50    -5.262e-08   1.74e-07     -0.303      0.762   -3.93e-07    2.87e-07
VOL_LAG51      2.15e-08   1.47e-07      0.146      0.884   -2.67e-07     3.1e-07
VOL_LAG52     1.415e-07   1.15e-07      1.230      0.219   -8.41e-08    3.67e-07
VOL_LAG53    -1.709e-07   2.59e-07     -0.661      0.508   -6.78e-07    3.36e-07
VOL_LAG54     9.982e-08    1.1e-07      0.911      0.362   -1.15e-07    3.15e-07
VOL_LAG55     6.223e-08   1.24e-07      0.501      0.617   -1.81e-07    3.06e-07
VOL_LAG56     8.011e-08   1.25e-07      0.640      0.522   -1.65e-07    3.25e-07
VOL_LAG57    -9.411e-09   1.67e-07     -0.056      0.955   -3.36e-07    3.17e-07
VOL_LAG58    -5.972e-08   1.97e-07     -0.304      0.761   -4.45e-07    3.25e-07
VOL_LAG59    -8.759e-08   2.08e-07     -0.422      0.673   -4.95e-07     3.2e-07
VOL_LAG6      4.617e-08   9.81e-08      0.471      0.638   -1.46e-07    2.38e-07
VOL_LAG60     1.628e-07   9.98e-08      1.632      0.103   -3.27e-08    3.58e-07
VOL_LAG61     1.911e-08   1.86e-07      0.103      0.918   -3.46e-07    3.84e-07
VOL_LAG62     -1.59e-07   2.35e-07     -0.676      0.499    -6.2e-07    3.02e-07
VOL_LAG63    -5.555e-08   2.37e-07     -0.234      0.815    -5.2e-07    4.09e-07
VOL_LAG64    -1.574e-07   2.23e-07     -0.705      0.481   -5.95e-07     2.8e-07
VOL_LAG65    -4.983e-08   1.97e-07     -0.253      0.800   -4.36e-07    3.36e-07
VOL_LAG66     1.152e-07   1.25e-07      0.921      0.357    -1.3e-07     3.6e-07
VOL_LAG67     1.689e-07   1.19e-07      1.420      0.156   -6.42e-08    4.02e-07
VOL_LAG68    -3.325e-07   3.61e-07     -0.921      0.357   -1.04e-06    3.75e-07
VOL_LAG69    -3.485e-08   1.96e-07     -0.177      0.859    -4.2e-07     3.5e-07
VOL_LAG7      4.146e-08   1.07e-07      0.386      0.699   -1.69e-07    2.52e-07
VOL_LAG70    -6.732e-08   2.41e-07     -0.279      0.780    -5.4e-07    4.06e-07
VOL_LAG71    -4.467e-07   4.02e-07     -1.111      0.267   -1.23e-06    3.41e-07
VOL_LAG72    -1.629e-08   1.78e-07     -0.092      0.927   -3.64e-07    3.32e-07
VOL_LAG73     1.234e-07   1.26e-07      0.979      0.328   -1.24e-07     3.7e-07
VOL_LAG74     5.499e-09   2.04e-07      0.027      0.979   -3.95e-07    4.06e-07
VOL_LAG75    -4.204e-07   3.42e-07     -1.229      0.219   -1.09e-06     2.5e-07
VOL_LAG76    -8.434e-09   1.86e-07     -0.045      0.964   -3.72e-07    3.55e-07
VOL_LAG77     1.202e-07    1.5e-07      0.804      0.422   -1.73e-07    4.13e-07
VOL_LAG78    -9.416e-08   2.45e-07     -0.384      0.701   -5.75e-07    3.87e-07
VOL_LAG79    -2.918e-07    3.4e-07     -0.857      0.391   -9.59e-07    3.75e-07
VOL_LAG8      2.767e-08    1.1e-07      0.252      0.801   -1.87e-07    2.43e-07
VOL_LAG80     1.329e-07   1.18e-07      1.128      0.259    -9.8e-08    3.64e-07
VOL_LAG81     2.156e-08   1.94e-07      0.111      0.911   -3.58e-07    4.01e-07
VOL_LAG82    -2.327e-07   3.16e-07     -0.737      0.461   -8.52e-07    3.86e-07
VOL_LAG83    -8.209e-09   1.76e-07     -0.047      0.963   -3.54e-07    3.37e-07
VOL_LAG84     8.851e-08   1.54e-07      0.576      0.564   -2.13e-07     3.9e-07
VOL_LAG85     -5.69e-08   2.45e-07     -0.232      0.816   -5.37e-07    4.23e-07
VOL_LAG86    -5.546e-07   5.05e-07     -1.098      0.272   -1.54e-06    4.35e-07
VOL_LAG87     -3.31e-07   3.61e-07     -0.916      0.360   -1.04e-06    3.77e-07
VOL_LAG88    -1.848e-07   2.96e-07     -0.625      0.532   -7.65e-07    3.95e-07
VOL_LAG89     2.828e-08   1.57e-07      0.180      0.857   -2.79e-07    3.36e-07
VOL_LAG9      9.066e-08   9.29e-08      0.976      0.329   -9.14e-08    2.73e-07
VOL_LAG90     -7.58e-08   2.07e-07     -0.366      0.715   -4.82e-07     3.3e-07
================================================================================