                 Generalized Linear Model Regression Results                  
==============================================================================
Dep. Variable:                      Y   No. Observations:                15172
Model:                            GLM   Df Residuals:                    14991
Model Family:                Binomial   Df Model:                          180
Link Function:                  Logit   Scale:                          1.0000
Method:                          IRLS   Log-Likelihood:                -3294.1
Date:                Sun, 24 Mar 2024   Deviance:                       6588.2
Time:                        20:53:39   Pearson chi2:                 1.77e+04
No. Iterations:                     6   Pseudo R-squ. (CS):            0.04093
Covariance Type:            nonrobust                                         
================================================================================
                   coef    std err          z      P>|z|      [0.025      0.975]
--------------------------------------------------------------------------------
Intercept       -3.2546      0.049    -65.951      0.000      -3.351      -3.158
RET_LAG1       107.6178     37.845      2.844      0.004      33.443     181.793
RET_LAG10       -4.1428     38.472     -0.108      0.914     -79.546      71.260
RET_LAG11        8.5647     38.948      0.220      0.826     -67.772      84.902
RET_LAG12      -19.4866     38.616     -0.505      0.614     -95.172      56.199
RET_LAG13        4.7592     39.495      0.121      0.904     -72.649      82.167
RET_LAG14       40.5075     38.705      1.047      0.295     -35.352     116.367
RET_LAG15      -48.5423     38.220     -1.270      0.204    -123.452      26.368
RET_LAG16      -42.2210     39.872     -1.059      0.290    -120.368      35.926
RET_LAG17      -23.4348     39.162     -0.598      0.550    -100.191      53.321
RET_LAG18       32.1989     39.285      0.820      0.412     -44.799     109.196
RET_LAG19       50.1679     38.406      1.306      0.191     -25.107     125.443
RET_LAG2       -75.6098     43.389     -1.743      0.081    -160.651       9.432
RET_LAG20      -39.5539     39.682     -0.997      0.319    -117.329      38.221
RET_LAG21       -1.6961     38.427     -0.044      0.965     -77.012      73.620
RET_LAG22      -19.8212     39.818     -0.498      0.619     -97.863      58.220
RET_LAG23       43.2333     38.914      1.111      0.267     -33.037     119.503
RET_LAG24       40.5202     40.108      1.010      0.312     -38.090     119.130
RET_LAG25       33.0762     39.051      0.847      0.397     -43.463     109.616
RET_LAG26       23.4158     38.414      0.610      0.542     -51.874      98.706
RET_LAG27      -20.2276     39.379     -0.514      0.607     -97.409      56.954
RET_LAG28       78.4209     39.594      1.981      0.048       0.819     156.023
RET_LAG29      -15.7377     38.958     -0.404      0.686     -92.094      60.619
RET_LAG3        48.0706     38.801      1.239      0.215     -27.978     124.119
RET_LAG30       20.5251     39.832      0.515      0.606     -57.544      98.594
RET_LAG31       40.3375     39.765      1.014      0.310     -37.601     118.276
RET_LAG32       10.5882     39.133      0.271      0.787     -66.111      87.288
RET_LAG33      -20.7960     39.576     -0.525      0.599     -98.363      56.771
RET_LAG34      -39.8905     41.166     -0.969      0.333    -120.575      40.794
RET_LAG35      -11.9853     42.665     -0.281      0.779     -95.607      71.636
RET_LAG36        7.3018     38.504      0.190      0.850     -68.164      82.767
RET_LAG37       -5.6226     42.174     -0.133      0.894     -88.282      77.036
RET_LAG38       99.9652     38.703      2.583      0.010      24.108     175.823
RET_LAG39      -36.0217     41.228     -0.874      0.382    -116.827      44.783
RET_LAG4        44.5260     38.398      1.160      0.246     -30.732     119.785
RET_LAG40       66.8174     39.660      1.685      0.092     -10.914     144.549
RET_LAG41      -31.9462     39.667     -0.805      0.421    -109.691      45.799
RET_LAG42      -11.2815     40.304     -0.280      0.780     -90.275      67.712
RET_LAG43       26.8146     39.647      0.676      0.499     -50.891     104.520
RET_LAG44      -35.5525     39.707     -0.895      0.371    -113.376      42.271
RET_LAG45      -12.7483     40.092     -0.318      0.751     -91.327      65.830
RET_LAG46       34.7060     41.267      0.841      0.400     -46.175     115.587
RET_LAG47       -0.9816     39.313     -0.025      0.980     -78.033      76.070
RET_LAG48       33.3083     40.545      0.822      0.411     -46.159     112.775
RET_LAG49       66.0661     39.607      1.668      0.095     -11.562     143.694
RET_LAG5        31.0361     40.053      0.775      0.438     -47.467     109.539
RET_LAG50       36.1498     42.842      0.844      0.399     -47.819     120.119
RET_LAG51       71.7867     40.588      1.769      0.077      -7.765     151.338
RET_LAG52       38.7045     43.271      0.894      0.371     -46.105     123.514
RET_LAG53       -0.9984     40.125     -0.025      0.980     -79.643      77.646
RET_LAG54       77.2338     41.224      1.874      0.061      -3.564     158.032
RET_LAG55      -10.9109     40.513     -0.269      0.788     -90.315      68.494
RET_LAG56      -32.8859     41.489     -0.793      0.428    -114.202      48.431
RET_LAG57       67.7845     40.943      1.656      0.098     -12.462     148.031
RET_LAG58      -20.3041     39.998     -0.508      0.612     -98.700      58.091
RET_LAG59      -18.1304     40.302     -0.450      0.653     -97.120      60.859
RET_LAG6        42.1479     38.034      1.108      0.268     -32.396     116.692
RET_LAG60       19.9565     41.161      0.485      0.628     -60.718     100.631
RET_LAG61       16.9921     43.179      0.394      0.694     -67.637     101.621
RET_LAG62      -42.8812     40.438     -1.060      0.289    -122.138      36.375
RET_LAG63      -94.2897     41.686     -2.262      0.024    -175.993     -12.586
RET_LAG64      -35.8642     40.960     -0.876      0.381    -116.145      44.417
RET_LAG65       41.0298     42.478      0.966      0.334     -42.225     124.285
RET_LAG66       29.1902     41.311      0.707      0.480     -51.778     110.158
RET_LAG67       40.6610     41.295      0.985      0.325     -40.276     121.598
RET_LAG68      107.9120     45.036      2.396      0.017      19.643     196.181
RET_LAG69      -52.7347     45.415     -1.161      0.246    -141.746      36.276
RET_LAG7       -74.4798     39.630     -1.879      0.060    -152.153       3.194
RET_LAG70      -32.0090     42.912     -0.746      0.456    -116.115      52.097
RET_LAG71        3.6918     43.055      0.086      0.932     -80.695      88.079
RET_LAG72       36.1918     41.680      0.868      0.385     -45.499     117.882
RET_LAG73      -51.4193     42.306     -1.215      0.224    -134.337      31.498
RET_LAG74      -21.4506     41.379     -0.518      0.604    -102.552      59.651
RET_LAG75      -64.7503     46.874     -1.381      0.167    -156.621      27.121
RET_LAG76       16.5224     44.049      0.375      0.708     -69.813     102.858
RET_LAG77      -53.1726     44.782     -1.187      0.235    -140.944      34.599
RET_LAG78      -10.7515     42.610     -0.252      0.801     -94.265      72.762
RET_LAG79       -0.0333     41.879     -0.001      0.999     -82.114      82.048
RET_LAG8        -6.3962     39.248     -0.163      0.871     -83.320      70.528
RET_LAG80      -21.7827     42.874     -0.508      0.611    -105.815      62.250
RET_LAG81      -29.1576     43.981     -0.663      0.507    -115.358      57.043
RET_LAG82       56.2365     45.357      1.240      0.215     -32.662     145.135
RET_LAG83      -62.1688     43.777     -1.420      0.156    -147.971      23.633
RET_LAG84      -22.0191     43.053     -0.511      0.609    -106.402      62.364
RET_LAG85       25.8149     41.591      0.621      0.535     -55.702     107.332
RET_LAG86       16.2140     43.542      0.372      0.710     -69.127     101.555
RET_LAG87      -33.3944     41.959     -0.796      0.426    -115.632      48.843
RET_LAG88      -78.8517     45.619     -1.728      0.084    -168.263      10.559
RET_LAG89       78.6232     43.431      1.810      0.070      -6.501     163.747
RET_LAG9        39.7506     38.846      1.023      0.306     -36.386     115.887
RET_LAG90       49.6808     43.895      1.132      0.258     -36.352     135.713
SQ_RET_LAG1   1.084e+05   1.34e+04      8.073      0.000    8.21e+04    1.35e+05
SQ_RET_LAG10  1.995e+04   9575.932      2.083      0.037    1178.789    3.87e+04
SQ_RET_LAG11  5070.8868   9789.317      0.518      0.604   -1.41e+04    2.43e+04
SQ_RET_LAG12   1.81e+04   9702.756      1.865      0.062    -919.328    3.71e+04
SQ_RET_LAG13  5001.6828   9821.742      0.509      0.611   -1.42e+04    2.43e+04
SQ_RET_LAG14  1.219e+04   9694.906      1.257      0.209   -6813.035    3.12e+04
SQ_RET_LAG15   2.42e+04   9577.232      2.526      0.012    5425.018     4.3e+04
SQ_RET_LAG16 -2550.2958   1.01e+04     -0.252      0.801   -2.24e+04    1.73e+04
SQ_RET_LAG17  1.297e+04   9952.683      1.304      0.192   -6533.267    3.25e+04
SQ_RET_LAG18  3600.4276   9646.434      0.373      0.709   -1.53e+04    2.25e+04
SQ_RET_LAG19  1.678e+04   9642.135      1.740      0.082   -2121.426    3.57e+04
SQ_RET_LAG2  -2.095e+04   1.34e+04     -1.567      0.117   -4.71e+04    5249.194
SQ_RET_LAG20  5037.6951   9875.714      0.510      0.610   -1.43e+04    2.44e+04
SQ_RET_LAG21  1.781e+04   9553.928      1.864      0.062    -914.676    3.65e+04
SQ_RET_LAG22  2901.2223   9886.892      0.293      0.769   -1.65e+04    2.23e+04
SQ_RET_LAG23  1.234e+04   9700.874      1.272      0.203   -6673.115    3.14e+04
SQ_RET_LAG24  5720.9858   1.02e+04      0.561      0.575   -1.43e+04    2.57e+04
SQ_RET_LAG25  9661.9719   9756.540      0.990      0.322   -9460.495    2.88e+04
SQ_RET_LAG26  1.837e+04   9548.238      1.924      0.054    -344.489    3.71e+04
SQ_RET_LAG27  6967.8540   9606.048      0.725      0.468   -1.19e+04    2.58e+04
SQ_RET_LAG28  7021.5318   9903.031      0.709      0.478   -1.24e+04    2.64e+04
SQ_RET_LAG29   1.66e+04   9562.119      1.736      0.083   -2145.433    3.53e+04
SQ_RET_LAG3   3.583e+04   1.14e+04      3.133      0.002    1.34e+04    5.83e+04
SQ_RET_LAG30  1692.4550   9843.089      0.172      0.863   -1.76e+04     2.1e+04
SQ_RET_LAG31  1.006e+04   9967.793      1.009      0.313   -9476.252    2.96e+04
SQ_RET_LAG32  1.153e+04   9861.093      1.169      0.242   -7801.088    3.09e+04
SQ_RET_LAG33  1.048e+04   1.03e+04      1.013      0.311   -9800.548    3.08e+04
SQ_RET_LAG34    59.2251   1.24e+04      0.005      0.996   -2.43e+04    2.44e+04
SQ_RET_LAG35 -1.052e+04   1.22e+04     -0.863      0.388   -3.44e+04    1.34e+04
SQ_RET_LAG36   3.32e+04   1.02e+04      3.254      0.001    1.32e+04    5.32e+04
SQ_RET_LAG37 -2.285e+04   1.12e+04     -2.047      0.041   -4.47e+04    -967.207
SQ_RET_LAG38  3.528e+04   1.02e+04      3.451      0.001    1.52e+04    5.53e+04
SQ_RET_LAG39 -9037.2896   1.12e+04     -0.810      0.418   -3.09e+04    1.28e+04
SQ_RET_LAG4   2.014e+04   1.04e+04      1.942      0.052    -185.308    4.05e+04
SQ_RET_LAG40  1.177e+04   1.04e+04      1.136      0.256   -8533.781    3.21e+04
SQ_RET_LAG41  1.062e+04   9952.136      1.068      0.286   -8881.428    3.01e+04
SQ_RET_LAG42  7086.7812   1.02e+04      0.696      0.486   -1.29e+04     2.7e+04
SQ_RET_LAG43  6630.6314   9970.290      0.665      0.506   -1.29e+04    2.62e+04
SQ_RET_LAG44  1.192e+04   9947.738      1.198      0.231   -7581.279    3.14e+04
SQ_RET_LAG45  6018.0813   1.02e+04      0.589      0.556    -1.4e+04    2.61e+04
SQ_RET_LAG46 -1067.7328   1.06e+04     -0.101      0.920   -2.19e+04    1.97e+04
SQ_RET_LAG47  2.342e+04   9730.409      2.407      0.016    4351.304    4.25e+04
SQ_RET_LAG48 -3759.8705   1.01e+04     -0.370      0.711   -2.36e+04    1.61e+04
SQ_RET_LAG49  2.536e+04   1.02e+04      2.496      0.013    5450.302    4.53e+04
SQ_RET_LAG5   6255.2834   1.03e+04      0.610      0.542   -1.39e+04    2.64e+04
SQ_RET_LAG50 -9835.0373   1.18e+04     -0.833      0.405    -3.3e+04    1.33e+04
SQ_RET_LAG51   1.56e+04   1.13e+04      1.375      0.169   -6633.878    3.78e+04
SQ_RET_LAG52  -1.19e+04   1.38e+04     -0.860      0.390    -3.9e+04    1.52e+04
SQ_RET_LAG53  1.795e+04   1.04e+04      1.729      0.084   -2393.976    3.83e+04
SQ_RET_LAG54  1738.1631    1.1e+04      0.158      0.874   -1.98e+04    2.33e+04
SQ_RET_LAG55  1.366e+04   1.04e+04      1.312      0.190   -6751.706    3.41e+04
SQ_RET_LAG56  4559.7080   1.03e+04      0.444      0.657   -1.56e+04    2.47e+04
SQ_RET_LAG57  3198.1880   1.02e+04      0.312      0.755   -1.69e+04    2.33e+04
SQ_RET_LAG58  1.996e+04   9779.235      2.041      0.041     797.121    3.91e+04
SQ_RET_LAG59  1006.3371   9923.668      0.101      0.919   -1.84e+04    2.05e+04
SQ_RET_LAG6   1.762e+04   9586.879      1.837      0.066   -1174.175    3.64e+04
SQ_RET_LAG60  1.688e+04   1.06e+04      1.589      0.112   -3939.689    3.77e+04
SQ_RET_LAG61 -9023.6668   1.27e+04     -0.711      0.477   -3.39e+04    1.59e+04
SQ_RET_LAG62  1.735e+04   1.05e+04      1.648      0.099   -3279.531     3.8e+04
SQ_RET_LAG63   478.9661   1.05e+04      0.046      0.964   -2.01e+04     2.1e+04
SQ_RET_LAG64  1.112e+04   1.01e+04      1.096      0.273   -8767.043     3.1e+04
SQ_RET_LAG65 -2425.0137   1.11e+04     -0.218      0.828   -2.42e+04    1.94e+04
SQ_RET_LAG66  9931.4750   1.04e+04      0.955      0.339   -1.04e+04    3.03e+04
SQ_RET_LAG67  1.239e+04   1.05e+04      1.177      0.239   -8247.867     3.3e+04
SQ_RET_LAG68 -2657.2576   1.31e+04     -0.203      0.839   -2.83e+04     2.3e+04
SQ_RET_LAG69 -1.231e+04   1.63e+04     -0.753      0.451   -4.43e+04    1.97e+04
SQ_RET_LAG7   1.416e+04   1.01e+04      1.408      0.159   -5548.888    3.39e+04
SQ_RET_LAG70  -487.7662   1.22e+04     -0.040      0.968   -2.45e+04    2.35e+04
SQ_RET_LAG71  2913.5355   1.11e+04      0.263      0.792   -1.88e+04    2.46e+04
SQ_RET_LAG72  1.394e+04   1.05e+04      1.326      0.185   -6661.760    3.45e+04
SQ_RET_LAG73  2185.3390   1.08e+04      0.203      0.839   -1.89e+04    2.33e+04
SQ_RET_LAG74  2.164e+04   1.14e+04      1.904      0.057    -630.689    4.39e+04
SQ_RET_LAG75 -2.657e+04   1.82e+04     -1.457      0.145   -6.23e+04    9180.306
SQ_RET_LAG76  2010.1276   1.52e+04      0.132      0.895   -2.78e+04    3.18e+04
SQ_RET_LAG77 -7713.1498   1.31e+04     -0.587      0.557   -3.35e+04    1.81e+04
SQ_RET_LAG78  1.041e+04   1.08e+04      0.966      0.334   -1.07e+04    3.15e+04
SQ_RET_LAG79  7369.7745   1.03e+04      0.714      0.475   -1.28e+04    2.76e+04
SQ_RET_LAG8   7331.0956   9783.623      0.749      0.454   -1.18e+04    2.65e+04
SQ_RET_LAG80  6651.3663   1.13e+04      0.590      0.555   -1.54e+04    2.87e+04
SQ_RET_LAG81 -4837.2206    1.3e+04     -0.373      0.709   -3.02e+04    2.06e+04
SQ_RET_LAG82 -5947.1652   1.46e+04     -0.408      0.684   -3.45e+04    2.27e+04
SQ_RET_LAG83  8164.1684   1.15e+04      0.712      0.476   -1.43e+04    3.06e+04
SQ_RET_LAG84  1357.4254   1.07e+04      0.127      0.899   -1.95e+04    2.22e+04
SQ_RET_LAG85   1.49e+04   9902.952      1.505      0.132   -4507.427    3.43e+04
SQ_RET_LAG86  -751.5846   1.06e+04     -0.071      0.943   -2.15e+04       2e+04
SQ_RET_LAG87  1.944e+04   1.07e+04      1.816      0.069   -1535.551    4.04e+04
SQ_RET_LAG88 -1.373e+04   1.31e+04     -1.046      0.295   -3.95e+04     1.2e+04
SQ_RET_LAG89  3163.3710   1.18e+04      0.267      0.789      -2e+04    2.64e+04
SQ_RET_LAG9   9765.3193   9717.536      1.005      0.315   -9280.702    2.88e+04
SQ_RET_LAG90  5750.4019   1.21e+04      0.474      0.636    -1.8e+04    2.95e+04
================================================================================