                 Generalized Linear Model Regression Results                  
==============================================================================
Dep. Variable:                      Y   No. Observations:                15508
Model:                            GLM   Df Residuals:                    15417
Model Family:                Binomial   Df Model:                           90
Link Function:                  Logit   Scale:                          1.0000
Method:                          IRLS   Log-Likelihood:                -2885.8
Date:                Sun, 24 Mar 2024   Deviance:                       5771.6
Time:                        21:10:13   Pearson chi2:                 1.44e+04
No. Iterations:                     7   Pseudo R-squ. (CS):            0.04433
Covariance Type:            nonrobust                                         
================================================================================
                   coef    std err          z      P>|z|      [0.025      0.975]
--------------------------------------------------------------------------------
Intercept       -3.6319      0.058    -63.091      0.000      -3.745      -3.519
SQ_RET_LAG1   7774.6565   3581.304      2.171      0.030     755.430    1.48e+04
SQ_RET_LAG10  2788.7169   4027.280      0.692      0.489   -5104.607    1.07e+04
SQ_RET_LAG11   890.7565   4135.826      0.215      0.829   -7215.313    8996.826
SQ_RET_LAG12  -990.7508   4860.094     -0.204      0.838   -1.05e+04    8534.859
SQ_RET_LAG13  5354.8344   3807.296      1.406      0.160   -2107.329    1.28e+04
SQ_RET_LAG14  4536.9630   3768.445      1.204      0.229   -2849.052    1.19e+04
SQ_RET_LAG15 -3974.9297   5795.756     -0.686      0.493   -1.53e+04    7384.543
SQ_RET_LAG16  4795.5756   4061.700      1.181      0.238   -3165.211    1.28e+04
SQ_RET_LAG17  -137.2721   4918.214     -0.028      0.978   -9776.795    9502.250
SQ_RET_LAG18  5626.4701   3637.658      1.547      0.122   -1503.209    1.28e+04
SQ_RET_LAG19 -2304.6674   5500.432     -0.419      0.675   -1.31e+04    8475.982
SQ_RET_LAG2   3821.1708   4034.666      0.947      0.344   -4086.630    1.17e+04
SQ_RET_LAG20  1033.3731   4524.223      0.228      0.819   -7833.940    9900.686
SQ_RET_LAG21  6700.4472   3535.445      1.895      0.058    -228.898    1.36e+04
SQ_RET_LAG22   571.5421   4460.731      0.128      0.898   -8171.330    9314.414
SQ_RET_LAG23  5082.8668   3574.447      1.422      0.155   -1922.921    1.21e+04
SQ_RET_LAG24 -3869.7485   5831.597     -0.664      0.507   -1.53e+04    7559.971
SQ_RET_LAG25 -4233.1306   5968.304     -0.709      0.478   -1.59e+04    7464.530
SQ_RET_LAG26  6407.8369   3546.623      1.807      0.071    -543.416    1.34e+04
SQ_RET_LAG27  2697.2530   4287.706      0.629      0.529   -5706.496    1.11e+04
SQ_RET_LAG28 -2836.0632   6253.936     -0.453      0.650   -1.51e+04    9421.426
SQ_RET_LAG29 -3216.4551   6594.737     -0.488      0.626   -1.61e+04    9708.993
SQ_RET_LAG3   3956.8343   3807.566      1.039      0.299   -3505.858    1.14e+04
SQ_RET_LAG30  3654.9517   3970.342      0.921      0.357   -4126.776    1.14e+04
SQ_RET_LAG4   7268.4643   3488.655      2.083      0.037     430.826    1.41e+04
SQ_RET_LAG5   2300.9534   4280.985      0.537      0.591   -6089.623    1.07e+04
SQ_RET_LAG6   7410.8984   3490.362      2.123      0.034     569.915    1.43e+04
SQ_RET_LAG7   8760.3590   3699.817      2.368      0.018    1508.852     1.6e+04
SQ_RET_LAG8   5238.8558   3518.697      1.489      0.137   -1657.664    1.21e+04
SQ_RET_LAG9   5733.8861   3721.130      1.541      0.123   -1559.394     1.3e+04
VIOL_LAG1        0.5976      0.117      5.103      0.000       0.368       0.827
VIOL_LAG10       0.1692      0.130      1.298      0.194      -0.086       0.425
VIOL_LAG11      -0.0781      0.139     -0.564      0.573      -0.350       0.193
VIOL_LAG12       0.1868      0.132      1.417      0.157      -0.072       0.445
VIOL_LAG13       0.0975      0.133      0.733      0.463      -0.163       0.358
VIOL_LAG14       0.1862      0.131      1.423      0.155      -0.070       0.443
VIOL_LAG15       0.2269      0.133      1.706      0.088      -0.034       0.488
VIOL_LAG16       0.1127      0.134      0.841      0.400      -0.150       0.375
VIOL_LAG17       0.3818      0.128      2.984      0.003       0.131       0.633
VIOL_LAG18       0.3750      0.127      2.951      0.003       0.126       0.624
VIOL_LAG19       0.2057      0.133      1.545      0.122      -0.055       0.467
VIOL_LAG2        0.4066      0.123      3.316      0.001       0.166       0.647
VIOL_LAG20       0.3341      0.129      2.586      0.010       0.081       0.587
VIOL_LAG21       0.0752      0.136      0.554      0.580      -0.191       0.341
VIOL_LAG22       0.0007      0.140      0.005      0.996      -0.274       0.275
VIOL_LAG23      -0.1276      0.143     -0.890      0.374      -0.409       0.153
VIOL_LAG24       0.0359      0.142      0.252      0.801      -0.243       0.314
VIOL_LAG25       0.0059      0.143      0.041      0.967      -0.275       0.287
VIOL_LAG26       0.0386      0.139      0.278      0.781      -0.234       0.311
VIOL_LAG27      -0.0087      0.143     -0.061      0.952      -0.289       0.272
VIOL_LAG28       0.1836      0.141      1.304      0.192      -0.092       0.459
VIOL_LAG29       0.4287      0.133      3.225      0.001       0.168       0.689
VIOL_LAG3        0.5777      0.118      4.895      0.000       0.346       0.809
VIOL_LAG30       0.0862      0.140      0.618      0.537      -0.187       0.360
VIOL_LAG4        0.2771      0.125      2.222      0.026       0.033       0.522
VIOL_LAG5        0.3275      0.125      2.629      0.009       0.083       0.572
VIOL_LAG6        0.2749      0.126      2.190      0.029       0.029       0.521
VIOL_LAG7        0.3011      0.126      2.399      0.016       0.055       0.547
VIOL_LAG8        0.0130      0.133      0.098      0.922      -0.248       0.275
VIOL_LAG9        0.2417      0.127      1.908      0.056      -0.007       0.490
VOL_LAG1       4.16e-07   8.25e-08      5.042      0.000    2.54e-07    5.78e-07
VOL_LAG10     2.082e-07   1.13e-07      1.850      0.064   -1.24e-08    4.29e-07
VOL_LAG11    -2.119e-07   2.33e-07     -0.910      0.363   -6.68e-07    2.44e-07
VOL_LAG12     8.423e-08   1.47e-07      0.574      0.566   -2.03e-07    3.72e-07
VOL_LAG13     1.424e-07   1.39e-07      1.028      0.304   -1.29e-07    4.14e-07
VOL_LAG14    -1.411e-07   2.18e-07     -0.648      0.517   -5.68e-07    2.86e-07
VOL_LAG15     6.733e-08   1.63e-07      0.414      0.679   -2.51e-07    3.86e-07
VOL_LAG16    -8.766e-08   2.12e-07     -0.414      0.679   -5.03e-07    3.28e-07
VOL_LAG17    -1.009e-07   2.27e-07     -0.443      0.657   -5.47e-07    3.45e-07
VOL_LAG18    -1.704e-07   2.48e-07     -0.686      0.493   -6.57e-07    3.16e-07
VOL_LAG19     6.363e-08   1.48e-07      0.430      0.667   -2.27e-07    3.54e-07
VOL_LAG2      1.174e-07   1.11e-07      1.059      0.290   -9.98e-08    3.35e-07
VOL_LAG20    -1.087e-08   1.86e-07     -0.058      0.953   -3.75e-07    3.54e-07
VOL_LAG21    -5.063e-09   1.78e-07     -0.028      0.977   -3.54e-07    3.44e-07
VOL_LAG22    -9.431e-08   2.06e-07     -0.459      0.646   -4.97e-07    3.09e-07
VOL_LAG23      8.73e-08   1.52e-07      0.576      0.564    -2.1e-07    3.84e-07
VOL_LAG24     1.134e-07   1.46e-07      0.775      0.439   -1.74e-07       4e-07
VOL_LAG25    -5.713e-08   1.96e-07     -0.291      0.771   -4.41e-07    3.27e-07
VOL_LAG26      1.88e-07   1.34e-07      1.403      0.161   -7.46e-08    4.51e-07
VOL_LAG27    -1.048e-09   2.01e-07     -0.005      0.996   -3.94e-07    3.92e-07
VOL_LAG28    -2.638e-07   2.94e-07     -0.897      0.370    -8.4e-07    3.12e-07
VOL_LAG29    -1.446e-07   2.53e-07     -0.570      0.568   -6.41e-07    3.52e-07
VOL_LAG3      3.202e-08   1.31e-07      0.245      0.806   -2.24e-07    2.88e-07
VOL_LAG30     1.377e-07   1.38e-07      0.995      0.320   -1.33e-07    4.09e-07
VOL_LAG4      2.176e-07   9.69e-08      2.247      0.025    2.78e-08    4.07e-07
VOL_LAG5      2.101e-07   9.94e-08      2.113      0.035    1.52e-08    4.05e-07
VOL_LAG6      9.534e-08   1.23e-07      0.773      0.439   -1.46e-07    3.37e-07
VOL_LAG7      1.384e-07   1.17e-07      1.183      0.237   -9.09e-08    3.68e-07
VOL_LAG8      5.795e-08   1.39e-07      0.417      0.677   -2.14e-07     3.3e-07
VOL_LAG9      1.232e-07   1.23e-07      1.002      0.316   -1.18e-07    3.64e-07
================================================================================