                 Generalized Linear Model Regression Results                  
==============================================================================
Dep. Variable:                      Y   No. Observations:                15172
Model:                            GLM   Df Residuals:                    14931
Model Family:                Binomial   Df Model:                          240
Link Function:                  Logit   Scale:                          1.0000
Method:                          IRLS   Log-Likelihood:                -3157.1
Date:                Sun, 17 Mar 2024   Deviance:                       6314.1
Time:                        18:46:19   Pearson chi2:                 1.47e+04
No. Iterations:                     6   Pseudo R-squ. (CS):            0.05810
Covariance Type:            nonrobust                                         
===============================================================================
                  coef    std err          z      P>|z|      [0.025      0.975]
-------------------------------------------------------------------------------
Intercept      -3.6159      0.063    -56.994      0.000      -3.740      -3.492
RET_LAG1      284.8541     45.281      6.291      0.000     196.105     373.603
RET_LAG10      73.8625     48.203      1.532      0.125     -20.615     168.340
RET_LAG100     58.8488     54.092      1.088      0.277     -47.169     164.867
RET_LAG101     35.2065     54.836      0.642      0.521     -72.271     142.684
RET_LAG102     27.1392     53.996      0.503      0.615     -78.691     132.969
RET_LAG103   -146.8066     56.350     -2.605      0.009    -257.250     -36.363
RET_LAG104     55.8082     54.145      1.031      0.303     -50.314     161.930
RET_LAG105     83.9520     54.241      1.548      0.122     -22.359     190.262
RET_LAG106     -2.7153     53.797     -0.050      0.960    -108.155     102.725
RET_LAG107    -54.4539     56.028     -0.972      0.331    -164.267      55.359
RET_LAG108      2.1331     56.005      0.038      0.970    -107.634     111.901
RET_LAG109     45.0466     54.754      0.823      0.411     -62.268     152.362
RET_LAG11     102.8598     47.615      2.160      0.031       9.536     196.183
RET_LAG110    -28.5168     55.603     -0.513      0.608    -137.497      80.464
RET_LAG111      2.8724     54.485      0.053      0.958    -103.916     109.661
RET_LAG112     34.4861     55.506      0.621      0.534     -74.304     143.276
RET_LAG113     75.1841     53.619      1.402      0.161     -29.907     180.275
RET_LAG114    -24.3139     55.171     -0.441      0.659    -132.447      83.820
RET_LAG115    -28.4937     54.994     -0.518      0.604    -136.279      79.292
RET_LAG116     77.4727     54.981      1.409      0.159     -30.288     185.234
RET_LAG117     46.4965     55.506      0.838      0.402     -62.293     155.286
RET_LAG118     46.1720     55.432      0.833      0.405     -62.472     154.816
RET_LAG119     23.9128     56.282      0.425      0.671     -86.397     134.223
RET_LAG12      44.7036     48.601      0.920      0.358     -50.553     139.960
RET_LAG120    -54.0121     57.311     -0.942      0.346    -166.340      58.316
RET_LAG13     116.8399     47.668      2.451      0.014      23.413     210.266
RET_LAG14      73.6817     48.429      1.521      0.128     -21.236     168.600
RET_LAG15      34.0967     48.521      0.703      0.482     -61.003     129.197
RET_LAG16      37.3870     47.760      0.783      0.434     -56.221     130.995
RET_LAG17     -53.6065     48.484     -1.106      0.269    -148.634      41.421
RET_LAG18     105.8127     47.306      2.237      0.025      13.095     198.531
RET_LAG19      80.1089     47.777      1.677      0.094     -13.532     173.750
RET_LAG2       31.2389     49.671      0.629      0.529     -66.114     128.592
RET_LAG20     -12.4624     49.177     -0.253      0.800    -108.848      83.923
RET_LAG21      39.2451     48.269      0.813      0.416     -55.361     133.851
RET_LAG22     -12.8969     49.315     -0.262      0.794    -109.553      83.759
RET_LAG23      43.9212     48.230      0.911      0.362     -50.608     138.450
RET_LAG24      23.2967     49.405      0.472      0.637     -73.536     120.129
RET_LAG25      28.0712     48.756      0.576      0.565     -67.489     123.632
RET_LAG26      33.8631     49.135      0.689      0.491     -62.441     130.167
RET_LAG27      -9.5379     48.948     -0.195      0.846    -105.474      86.398
RET_LAG28      84.3270     47.760      1.766      0.077      -9.281     177.935
RET_LAG29      17.1721     49.441      0.347      0.728     -79.730     114.074
RET_LAG3      156.0783     46.909      3.327      0.001      64.139     248.018
RET_LAG30      46.9598     48.361      0.971      0.332     -47.825     141.745
RET_LAG31      73.8820     48.086      1.536      0.124     -20.366     168.130
RET_LAG32      -1.8461     49.856     -0.037      0.970     -99.562      95.870
RET_LAG33       5.1815     49.218      0.105      0.916     -91.284     101.647
RET_LAG34     -27.1198     50.204     -0.540      0.589    -125.518      71.279
RET_LAG35     -33.8919     50.088     -0.677      0.499    -132.063      64.279
RET_LAG36      35.3694     48.637      0.727      0.467     -59.958     130.697
RET_LAG37     -23.0261     50.516     -0.456      0.649    -122.037      75.984
RET_LAG38     103.2259     49.283      2.095      0.036       6.633     199.819
RET_LAG39     -33.4824     50.957     -0.657      0.511    -133.356      66.391
RET_LAG4      176.3580     47.538      3.710      0.000      83.185     269.531
RET_LAG40      45.2803     48.915      0.926      0.355     -50.590     141.151
RET_LAG41     -59.3006     51.115     -1.160      0.246    -159.484      40.883
RET_LAG42      42.9816     49.443      0.869      0.385     -53.926     139.889
RET_LAG43      44.9333     49.712      0.904      0.366     -52.500     142.367
RET_LAG44     -95.8871     51.463     -1.863      0.062    -196.753       4.978
RET_LAG45       1.4815     50.013      0.030      0.976     -96.542      99.505
RET_LAG46      79.0962     49.565      1.596      0.111     -18.049     176.241
RET_LAG47      90.2807     49.639      1.819      0.069      -7.010     187.571
RET_LAG48      35.7161     48.476      0.737      0.461     -59.295     130.727
RET_LAG49     143.4290     48.753      2.942      0.003      47.875     238.983
RET_LAG5       64.4597     49.639      1.299      0.194     -32.832     161.751
RET_LAG50     -33.3275     50.902     -0.655      0.513    -133.094      66.439
RET_LAG51      94.0664     48.070      1.957      0.050      -0.149     188.282
RET_LAG52     -30.0704     51.322     -0.586      0.558    -130.659      70.519
RET_LAG53      44.7003     50.534      0.885      0.376     -54.344     143.744
RET_LAG54      81.4943     50.208      1.623      0.105     -16.912     179.901
RET_LAG55      26.7065     51.509      0.518      0.604     -74.249     127.662
RET_LAG56     -44.8197     51.154     -0.876      0.381    -145.080      55.441
RET_LAG57     111.7293     49.160      2.273      0.023      15.377     208.082
RET_LAG58      -6.8262     51.725     -0.132      0.895    -108.206      94.554
RET_LAG59     -32.4376     50.395     -0.644      0.520    -131.210      66.335
RET_LAG6      135.0079     47.482      2.843      0.004      41.946     228.070
RET_LAG60     104.8750     49.950      2.100      0.036       6.974     202.776
RET_LAG61     -27.2504     51.676     -0.527      0.598    -128.534      74.033
RET_LAG62     -44.2433     52.143     -0.849      0.396    -146.441      57.955
RET_LAG63    -155.9101     53.849     -2.895      0.004    -261.453     -50.367
RET_LAG64     -53.7507     51.289     -1.048      0.295    -154.275      46.774
RET_LAG65      71.7323     50.367      1.424      0.154     -26.986     170.451
RET_LAG66      62.7551     51.367      1.222      0.222     -37.922     163.432
RET_LAG67      49.8741     50.976      0.978      0.328     -50.037     149.785
RET_LAG68      85.7082     52.120      1.644      0.100     -16.445     187.862
RET_LAG69     -44.1458     52.690     -0.838      0.402    -147.417      59.125
RET_LAG7      -40.9671     49.821     -0.822      0.411    -138.614      56.680
RET_LAG70      26.5620     51.297      0.518      0.605     -73.977     127.101
RET_LAG71     -19.1397     53.231     -0.360      0.719    -123.470      85.190
RET_LAG72      31.9837     52.091      0.614      0.539     -70.113     134.080
RET_LAG73     -58.1021     52.335     -1.110      0.267    -160.676      44.472
RET_LAG74      64.5918     50.976      1.267      0.205     -35.320     164.503
RET_LAG75    -108.4639     54.571     -1.988      0.047    -215.422      -1.506
RET_LAG76     -72.9942     54.560     -1.338      0.181    -179.930      33.942
RET_LAG77    -114.1215     54.767     -2.084      0.037    -221.463      -6.780
RET_LAG78      -9.7944     53.163     -0.184      0.854    -113.992      94.403
RET_LAG79     -30.5723     53.989     -0.566      0.571    -136.389      75.244
RET_LAG8       21.6363     48.057      0.450      0.653     -72.554     115.826
RET_LAG80       5.3103     53.444      0.099      0.921     -99.438     110.059
RET_LAG81      -2.6214     53.138     -0.049      0.961    -106.770     101.527
RET_LAG82       3.7014     54.279      0.068      0.946    -102.683     110.086
RET_LAG83     -55.5223     55.032     -1.009      0.313    -163.383      52.339
RET_LAG84      -6.2514     53.582     -0.117      0.907    -111.271      98.768
RET_LAG85      51.4849     52.679      0.977      0.328     -51.764     154.734
RET_LAG86      49.9605     53.712      0.930      0.352     -55.314     155.235
RET_LAG87     -18.7421     53.456     -0.351      0.726    -123.514      86.030
RET_LAG88     -82.4971     54.508     -1.513      0.130    -189.330      24.336
RET_LAG89      72.0924     51.613      1.397      0.162     -29.067     173.252
RET_LAG9       71.8431     48.182      1.491      0.136     -22.593     166.279
RET_LAG90      32.6013     54.992      0.593      0.553     -75.182     140.384
RET_LAG91    -101.9841     54.677     -1.865      0.062    -209.149       5.181
RET_LAG92      -8.3875     52.949     -0.158      0.874    -112.165      95.390
RET_LAG93      75.6740     53.684      1.410      0.159     -29.544     180.892
RET_LAG94     -55.0426     54.290     -1.014      0.311    -161.449      51.363
RET_LAG95       5.7069     53.882      0.106      0.916     -99.899     111.313
RET_LAG96      26.6893     53.787      0.496      0.620     -78.732     132.110
RET_LAG97      -0.0008     55.838  -1.46e-05      1.000    -109.441     109.439
RET_LAG98      -1.7317     54.150     -0.032      0.974    -107.863     104.399
RET_LAG99     -82.9022     55.406     -1.496      0.135    -191.496      25.692
VIOL_LAG1       0.9703      0.138      7.008      0.000       0.699       1.242
VIOL_LAG10      0.4035      0.146      2.758      0.006       0.117       0.690
VIOL_LAG100     0.1862      0.169      1.103      0.270      -0.145       0.517
VIOL_LAG101     0.0539      0.173      0.312      0.755      -0.285       0.393
VIOL_LAG102     0.0263      0.172      0.153      0.879      -0.312       0.364
VIOL_LAG103    -0.1696      0.171     -0.989      0.322      -0.506       0.166
VIOL_LAG104    -0.0830      0.178     -0.466      0.641      -0.432       0.266
VIOL_LAG105     0.3439      0.167      2.059      0.039       0.017       0.671
VIOL_LAG106    -0.0847      0.175     -0.484      0.629      -0.428       0.259
VIOL_LAG107    -0.2747      0.182     -1.510      0.131      -0.631       0.082
VIOL_LAG108     0.1014      0.171      0.594      0.553      -0.233       0.436
VIOL_LAG109    -0.0526      0.180     -0.293      0.769      -0.405       0.299
VIOL_LAG11      0.5321      0.144      3.689      0.000       0.249       0.815
VIOL_LAG110     0.0252      0.174      0.145      0.885      -0.316       0.366
VIOL_LAG111    -0.0149      0.175     -0.086      0.932      -0.357       0.327
VIOL_LAG112     0.0756      0.174      0.434      0.664      -0.265       0.417
VIOL_LAG113    -0.0243      0.178     -0.136      0.891      -0.373       0.324
VIOL_LAG114     0.0062      0.173      0.036      0.971      -0.333       0.345
VIOL_LAG115     0.0173      0.171      0.101      0.920      -0.318       0.353
VIOL_LAG116     0.2899      0.166      1.749      0.080      -0.035       0.615
VIOL_LAG117    -0.0640      0.180     -0.355      0.723      -0.417       0.290
VIOL_LAG118     0.0009      0.177      0.005      0.996      -0.346       0.348
VIOL_LAG119    -0.0802      0.180     -0.445      0.657      -0.434       0.273
VIOL_LAG12      0.2523      0.148      1.699      0.089      -0.039       0.543
VIOL_LAG120    -0.2206      0.180     -1.227      0.220      -0.573       0.132
VIOL_LAG13      0.6172      0.144      4.297      0.000       0.336       0.899
VIOL_LAG14      0.1545      0.152      1.017      0.309      -0.143       0.452
VIOL_LAG15      0.3959      0.145      2.721      0.007       0.111       0.681
VIOL_LAG16      0.1740      0.151      1.156      0.248      -0.121       0.469
VIOL_LAG17     -0.1225      0.155     -0.792      0.428      -0.426       0.181
VIOL_LAG18      0.3343      0.149      2.246      0.025       0.043       0.626
VIOL_LAG19      0.1661      0.152      1.092      0.275      -0.132       0.464
VIOL_LAG2       0.4062      0.145      2.794      0.005       0.121       0.691
VIOL_LAG20      0.1669      0.151      1.105      0.269      -0.129       0.463
VIOL_LAG21      0.1210      0.154      0.788      0.431      -0.180       0.422
VIOL_LAG22      0.0896      0.153      0.584      0.559      -0.211       0.390
VIOL_LAG23     -0.0303      0.159     -0.191      0.849      -0.341       0.281
VIOL_LAG24     -0.0604      0.158     -0.383      0.702      -0.370       0.249
VIOL_LAG25      0.0890      0.154      0.577      0.564      -0.214       0.392
VIOL_LAG26      0.1242      0.155      0.799      0.424      -0.180       0.429
VIOL_LAG27      0.0614      0.155      0.396      0.692      -0.242       0.365
VIOL_LAG28     -0.0149      0.159     -0.094      0.925      -0.327       0.297
VIOL_LAG29      0.2451      0.153      1.602      0.109      -0.055       0.545
VIOL_LAG3       0.5759      0.143      4.015      0.000       0.295       0.857
VIOL_LAG30      0.1454      0.156      0.932      0.351      -0.160       0.451
VIOL_LAG31      0.3110      0.153      2.039      0.041       0.012       0.610
VIOL_LAG32     -0.0608      0.160     -0.380      0.704      -0.374       0.253
VIOL_LAG33      0.1249      0.156      0.802      0.423      -0.180       0.430
VIOL_LAG34      0.0881      0.158      0.559      0.576      -0.221       0.397
VIOL_LAG35     -0.0236      0.159     -0.149      0.882      -0.335       0.287
VIOL_LAG36      0.0559      0.157      0.356      0.722      -0.252       0.363
VIOL_LAG37     -0.0075      0.160     -0.047      0.963      -0.321       0.306
VIOL_LAG38     -0.0619      0.165     -0.376      0.707      -0.385       0.261
VIOL_LAG39      0.0044      0.161      0.027      0.978      -0.310       0.319
VIOL_LAG4       0.6207      0.143      4.332      0.000       0.340       0.902
VIOL_LAG40     -0.1022      0.164     -0.624      0.533      -0.423       0.219
VIOL_LAG41     -0.0519      0.162     -0.322      0.748      -0.368       0.265
VIOL_LAG42      0.2082      0.157      1.329      0.184      -0.099       0.515
VIOL_LAG43      0.1347      0.158      0.855      0.393      -0.174       0.444
VIOL_LAG44     -0.2715      0.164     -1.653      0.098      -0.593       0.050
VIOL_LAG45     -0.0351      0.161     -0.218      0.828      -0.351       0.281
VIOL_LAG46      0.3378      0.156      2.168      0.030       0.032       0.643
VIOL_LAG47      0.4261      0.153      2.793      0.005       0.127       0.725
VIOL_LAG48      0.0782      0.159      0.492      0.622      -0.233       0.390
VIOL_LAG49      0.3669      0.155      2.361      0.018       0.062       0.671
VIOL_LAG5       0.2998      0.149      2.016      0.044       0.008       0.591
VIOL_LAG50     -0.2767      0.169     -1.636      0.102      -0.608       0.055
VIOL_LAG51      0.1492      0.160      0.933      0.351      -0.164       0.463
VIOL_LAG52     -0.2007      0.168     -1.197      0.231      -0.529       0.128
VIOL_LAG53      0.2861      0.157      1.820      0.069      -0.022       0.594
VIOL_LAG54     -0.0585      0.168     -0.349      0.727      -0.387       0.270
VIOL_LAG55      0.2405      0.159      1.513      0.130      -0.071       0.552
VIOL_LAG56     -0.0587      0.164     -0.358      0.720      -0.380       0.262
VIOL_LAG57      0.2745      0.160      1.720      0.085      -0.038       0.587
VIOL_LAG58      0.1065      0.161      0.663      0.508      -0.208       0.421
VIOL_LAG59     -0.1499      0.167     -0.900      0.368      -0.476       0.177
VIOL_LAG6       0.5809      0.145      4.020      0.000       0.298       0.864
VIOL_LAG60      0.3390      0.158      2.141      0.032       0.029       0.649
VIOL_LAG61     -0.1156      0.167     -0.693      0.488      -0.443       0.211
VIOL_LAG62     -0.1083      0.166     -0.651      0.515      -0.434       0.218
VIOL_LAG63     -0.2606      0.170     -1.532      0.126      -0.594       0.073
VIOL_LAG64     -0.1246      0.167     -0.746      0.455      -0.452       0.203
VIOL_LAG65      0.2087      0.164      1.272      0.203      -0.113       0.530
VIOL_LAG66      0.1929      0.163      1.187      0.235      -0.126       0.512
VIOL_LAG67      0.0280      0.168      0.167      0.868      -0.301       0.357
VIOL_LAG68     -0.2228      0.177     -1.260      0.208      -0.569       0.124
VIOL_LAG69     -0.0605      0.168     -0.360      0.719      -0.389       0.268
VIOL_LAG7       0.1294      0.149      0.866      0.386      -0.163       0.422
VIOL_LAG70      0.3282      0.159      2.067      0.039       0.017       0.639
VIOL_LAG71     -0.1001      0.170     -0.590      0.555      -0.433       0.232
VIOL_LAG72     -0.0653      0.172     -0.380      0.704      -0.402       0.271
VIOL_LAG73      0.0200      0.164      0.122      0.903      -0.301       0.341
VIOL_LAG74      0.2731      0.163      1.673      0.094      -0.047       0.593
VIOL_LAG75     -0.2755      0.173     -1.591      0.112      -0.615       0.064
VIOL_LAG76     -0.4222      0.179     -2.356      0.018      -0.773      -0.071
VIOL_LAG77     -0.2981      0.177     -1.681      0.093      -0.646       0.049
VIOL_LAG78      0.0563      0.168      0.335      0.738      -0.273       0.386
VIOL_LAG79     -0.1652      0.176     -0.939      0.348      -0.510       0.180
VIOL_LAG8       0.0790      0.151      0.521      0.602      -0.218       0.376
VIOL_LAG80      0.0437      0.170      0.258      0.797      -0.289       0.376
VIOL_LAG81      0.1496      0.166      0.901      0.368      -0.176       0.475
VIOL_LAG82     -0.3458      0.185     -1.873      0.061      -0.708       0.016
VIOL_LAG83      0.1345      0.166      0.810      0.418      -0.191       0.460
VIOL_LAG84      0.1210      0.167      0.724      0.469      -0.207       0.449
VIOL_LAG85      0.1737      0.167      1.039      0.299      -0.154       0.501
VIOL_LAG86      0.2201      0.166      1.326      0.185      -0.105       0.546
VIOL_LAG87     -0.0205      0.172     -0.119      0.905      -0.357       0.316
VIOL_LAG88     -0.1312      0.171     -0.768      0.442      -0.466       0.203
VIOL_LAG89      0.0332      0.171      0.195      0.846      -0.301       0.368
VIOL_LAG9       0.2394      0.151      1.589      0.112      -0.056       0.535
VIOL_LAG90     -0.0064      0.175     -0.037      0.971      -0.349       0.336
VIOL_LAG91      0.1900      0.162      1.170      0.242      -0.128       0.508
VIOL_LAG92     -0.2435      0.178     -1.371      0.170      -0.592       0.105
VIOL_LAG93      0.1348      0.172      0.782      0.434      -0.203       0.473
VIOL_LAG94      0.0245      0.167      0.146      0.884      -0.303       0.352
VIOL_LAG95      0.0046      0.173      0.027      0.979      -0.334       0.343
VIOL_LAG96     -0.0388      0.172     -0.225      0.822      -0.376       0.299
VIOL_LAG97     -0.1557      0.180     -0.866      0.386      -0.508       0.197
VIOL_LAG98     -0.0989      0.178     -0.555      0.579      -0.448       0.250
VIOL_LAG99     -0.1299      0.174     -0.747      0.455      -0.471       0.211
===============================================================================