                 Generalized Linear Model Regression Results                  
==============================================================================
Dep. Variable:                      Y   No. Observations:                15508
Model:                            GLM   Df Residuals:                    15237
Model Family:                Binomial   Df Model:                          270
Link Function:                  Logit   Scale:                          1.0000
Method:                          IRLS   Log-Likelihood:                -2847.5
Date:                Sun, 24 Mar 2024   Deviance:                       5695.0
Time:                        21:09:51   Pearson chi2:                 1.43e+04
No. Iterations:                     8   Pseudo R-squ. (CS):            0.04904
Covariance Type:            nonrobust                                         
================================================================================
                   coef    std err          z      P>|z|      [0.025      0.975]
--------------------------------------------------------------------------------
Intercept       -3.5281      0.065    -54.411      0.000      -3.655      -3.401
RET_LAG1       -37.9918     29.438     -1.291      0.197     -95.689      19.705
RET_LAG10       15.9872     28.628      0.558      0.577     -40.122      72.096
RET_LAG11       23.0828     29.673      0.778      0.437     -35.076      81.241
RET_LAG12       -7.2983     29.834     -0.245      0.807     -65.771      51.174
RET_LAG13       16.7153     28.925      0.578      0.563     -39.977      73.408
RET_LAG14       -3.0692     29.039     -0.106      0.916     -59.984      53.846
RET_LAG15       10.4099     30.272      0.344      0.731     -48.921      69.741
RET_LAG16       38.0981     28.990      1.314      0.189     -18.722      94.918
RET_LAG17      -14.2773     29.617     -0.482      0.630     -72.325      43.770
RET_LAG18      -26.9812     29.699     -0.908      0.364     -85.190      31.228
RET_LAG19      -15.6166     30.435     -0.513      0.608     -75.268      44.034
RET_LAG2       -47.6869     29.370     -1.624      0.104    -105.252       9.878
RET_LAG20      -12.9810     29.765     -0.436      0.663     -71.320      45.358
RET_LAG21      -16.1304     29.746     -0.542      0.588     -74.432      42.171
RET_LAG22        9.3585     30.380      0.308      0.758     -50.186      68.903
RET_LAG23       80.0135     30.359      2.636      0.008      20.511     139.516
RET_LAG24       10.5575     30.956      0.341      0.733     -50.116      71.231
RET_LAG25       29.4359     32.982      0.892      0.372     -35.208      94.079
RET_LAG26      -14.4991     29.207     -0.496      0.620     -71.744      42.746
RET_LAG27       77.5710     30.432      2.549      0.011      17.925     137.217
RET_LAG28       11.0220     33.129      0.333      0.739     -53.909      75.953
RET_LAG29        9.3208     32.219      0.289      0.772     -53.827      72.468
RET_LAG3       -69.7407     29.161     -2.392      0.017    -126.895     -12.586
RET_LAG30       47.3613     31.008      1.527      0.127     -13.414     108.136
RET_LAG31       18.6960     31.006      0.603      0.547     -42.075      79.467
RET_LAG32      -21.1000     31.098     -0.679      0.497     -82.050      39.850
RET_LAG33       42.5187     31.542      1.348      0.178     -19.302     104.340
RET_LAG34      -56.3272     32.617     -1.727      0.084    -120.255       7.600
RET_LAG35       13.5625     29.618      0.458      0.647     -44.488      71.613
RET_LAG36       18.8602     30.001      0.629      0.530     -39.940      77.661
RET_LAG37      -17.6570     29.982     -0.589      0.556     -76.420      41.106
RET_LAG38       40.7334     30.507      1.335      0.182     -19.059     100.526
RET_LAG39       28.5039     31.987      0.891      0.373     -34.189      91.197
RET_LAG4        -7.0150     28.980     -0.242      0.809     -63.814      49.784
RET_LAG40       44.2437     31.040      1.425      0.154     -16.594     105.082
RET_LAG41      -32.0767     33.230     -0.965      0.334     -97.206      33.052
RET_LAG42      -22.3201     31.387     -0.711      0.477     -83.838      39.197
RET_LAG43       50.9767     31.758      1.605      0.108     -11.268     113.221
RET_LAG44      -37.3617     31.390     -1.190      0.234     -98.884      24.161
RET_LAG45      -20.1057     30.646     -0.656      0.512     -80.171      39.960
RET_LAG46      -27.4406     33.453     -0.820      0.412     -93.007      38.126
RET_LAG47      -10.0146     30.745     -0.326      0.745     -70.274      50.245
RET_LAG48       -8.3513     33.570     -0.249      0.804     -74.147      57.445
RET_LAG49       52.8602     33.539      1.576      0.115     -12.875     118.595
RET_LAG5         2.5427     29.245      0.087      0.931     -54.776      59.862
RET_LAG50      -75.4431     33.367     -2.261      0.024    -140.841     -10.045
RET_LAG51        7.4545     30.768      0.242      0.809     -52.849      67.758
RET_LAG52      -16.5553     36.334     -0.456      0.649     -87.768      54.657
RET_LAG53      -44.4393     34.640     -1.283      0.200    -112.332      23.453
RET_LAG54       25.1787     32.552      0.773      0.439     -38.622      88.979
RET_LAG55        7.7140     32.634      0.236      0.813     -56.247      71.675
RET_LAG56       -8.2563     32.569     -0.253      0.800     -72.091      55.578
RET_LAG57        0.3271     31.600      0.010      0.992     -61.607      62.261
RET_LAG58       11.9922     32.234      0.372      0.710     -51.185      75.169
RET_LAG59      -37.0224     31.497     -1.175      0.240     -98.756      24.711
RET_LAG6       -32.9099     28.876     -1.140      0.254     -89.505      23.685
RET_LAG60       92.5381     33.140      2.792      0.005      27.585     157.491
RET_LAG61      -57.2250     32.209     -1.777      0.076    -120.354       5.904
RET_LAG62       -2.7516     32.649     -0.084      0.933     -66.743      61.239
RET_LAG63      -18.8771     32.650     -0.578      0.563     -82.869      45.115
RET_LAG64        0.2831     34.168      0.008      0.993     -66.685      67.252
RET_LAG65       -4.6227     33.386     -0.138      0.890     -70.058      60.813
RET_LAG66       -6.9403     33.157     -0.209      0.834     -71.926      58.046
RET_LAG67      -23.5611     33.353     -0.706      0.480     -88.931      41.809
RET_LAG68       48.1120     33.494      1.436      0.151     -17.535     113.759
RET_LAG69      -12.8612     34.575     -0.372      0.710     -80.628      54.905
RET_LAG7       -39.1358     29.379     -1.332      0.183     -96.718      18.447
RET_LAG70        2.6904     36.389      0.074      0.941     -68.631      74.011
RET_LAG71       15.8150     36.261      0.436      0.663     -55.256      86.886
RET_LAG72       -0.7033     34.629     -0.020      0.984     -68.575      67.168
RET_LAG73      -25.8728     33.638     -0.769      0.442     -91.801      40.056
RET_LAG74       14.6930     35.817      0.410      0.682     -55.508      84.894
RET_LAG75       -2.2308     35.182     -0.063      0.949     -71.186      66.724
RET_LAG76       -0.1255     34.035     -0.004      0.997     -66.834      66.583
RET_LAG77      -24.3589     35.701     -0.682      0.495     -94.332      45.614
RET_LAG78      -16.4321     36.501     -0.450      0.653     -87.972      55.108
RET_LAG79        4.0387     35.052      0.115      0.908     -64.662      72.739
RET_LAG8        71.5099     29.021      2.464      0.014      14.629     128.391
RET_LAG80      -12.9487     36.671     -0.353      0.724     -84.823      58.926
RET_LAG81      -22.7373     38.359     -0.593      0.553     -97.919      52.445
RET_LAG82      -14.9489     36.545     -0.409      0.682     -86.575      56.677
RET_LAG83      -32.7896     35.430     -0.925      0.355    -102.232      36.653
RET_LAG84        4.7309     36.065      0.131      0.896     -65.956      75.418
RET_LAG85       -7.3547     37.169     -0.198      0.843     -80.204      65.495
RET_LAG86       61.0862     36.208      1.687      0.092      -9.880     132.052
RET_LAG87       66.7863     36.185      1.846      0.065      -4.136     137.708
RET_LAG88       39.0046     36.560      1.067      0.286     -32.651     110.661
RET_LAG89       25.6969     35.999      0.714      0.475     -44.860      96.254
RET_LAG9       -18.7613     29.771     -0.630      0.529     -77.111      39.589
RET_LAG90      -14.8466     37.992     -0.391      0.696     -89.310      59.617
SQ_RET_LAG1   1.197e+04   4246.248      2.819      0.005    3649.390    2.03e+04
SQ_RET_LAG10  5827.4632   3593.760      1.622      0.105   -1216.176    1.29e+04
SQ_RET_LAG11  2036.0149   3864.067      0.527      0.598   -5537.418    9609.447
SQ_RET_LAG12  1745.9906   4035.094      0.433      0.665   -6162.648    9654.629
SQ_RET_LAG13  6955.5643   3707.341      1.876      0.061    -310.690    1.42e+04
SQ_RET_LAG14  6893.2339   3653.173      1.887      0.059    -266.853    1.41e+04
SQ_RET_LAG15  1202.6396   4453.660      0.270      0.787   -7526.374    9931.653
SQ_RET_LAG16  5609.7141   3609.958      1.554      0.120   -1465.674    1.27e+04
SQ_RET_LAG17  5164.3095   3977.321      1.298      0.194   -2631.097     1.3e+04
SQ_RET_LAG18  8962.0441   3921.265      2.285      0.022    1276.506    1.66e+04
SQ_RET_LAG19  3459.8265   4302.982      0.804      0.421   -4973.864    1.19e+04
SQ_RET_LAG2   6479.9049   3783.969      1.712      0.087    -936.538    1.39e+04
SQ_RET_LAG20  5035.6726   3850.982      1.308      0.191   -2512.114    1.26e+04
SQ_RET_LAG21  1.013e+04   3904.546      2.595      0.009    2479.333    1.78e+04
SQ_RET_LAG22  4617.0267   3882.195      1.189      0.234   -2991.935    1.22e+04
SQ_RET_LAG23  6664.3084   4253.114      1.567      0.117   -1671.642     1.5e+04
SQ_RET_LAG24  1973.4977   4355.992      0.453      0.651   -6564.089    1.05e+04
SQ_RET_LAG25 -3671.7713   5545.895     -0.662      0.508   -1.45e+04    7197.983
SQ_RET_LAG26  7849.3440   3667.181      2.140      0.032     661.801     1.5e+04
SQ_RET_LAG27  3345.5292   3816.551      0.877      0.381   -4134.774    1.08e+04
SQ_RET_LAG28 -4826.2678   6887.721     -0.701      0.483   -1.83e+04    8673.417
SQ_RET_LAG29  -204.0325   5377.513     -0.038      0.970   -1.07e+04    1.03e+04
SQ_RET_LAG3   8312.9283   3562.682      2.333      0.020    1330.200    1.53e+04
SQ_RET_LAG30  2994.1613   4093.897      0.731      0.465   -5029.729     1.1e+04
SQ_RET_LAG31  3325.5834   4078.474      0.815      0.415   -4668.078    1.13e+04
SQ_RET_LAG32  3885.9908   4360.037      0.891      0.373   -4659.526    1.24e+04
SQ_RET_LAG33  3835.7081   4270.145      0.898      0.369   -4533.622    1.22e+04
SQ_RET_LAG34  2260.2750   5420.143      0.417      0.677   -8363.009    1.29e+04
SQ_RET_LAG35  8673.4129   3653.248      2.374      0.018    1513.177    1.58e+04
SQ_RET_LAG36  9999.5610   3936.796      2.540      0.011    2283.582    1.77e+04
SQ_RET_LAG37  8507.5264   3815.863      2.230      0.026    1028.572     1.6e+04
SQ_RET_LAG38  6883.9577   3846.091      1.790      0.073    -654.241    1.44e+04
SQ_RET_LAG39  1952.1489   4915.172      0.397      0.691   -7681.412    1.16e+04
SQ_RET_LAG4   1.106e+04   3952.028      2.800      0.005    3318.025    1.88e+04
SQ_RET_LAG40  3786.9844   3778.696      1.002      0.316   -3619.123    1.12e+04
SQ_RET_LAG41  -114.5194   5309.553     -0.022      0.983   -1.05e+04    1.03e+04
SQ_RET_LAG42  3643.4339   4207.005      0.866      0.386   -4602.145    1.19e+04
SQ_RET_LAG43  2795.5914   4212.335      0.664      0.507   -5460.434    1.11e+04
SQ_RET_LAG44  4623.2748   4106.041      1.126      0.260   -3424.417    1.27e+04
SQ_RET_LAG45  6648.8467   3799.036      1.750      0.080    -797.127    1.41e+04
SQ_RET_LAG46   748.5807   5394.996      0.139      0.890   -9825.418    1.13e+04
SQ_RET_LAG47  6405.4237   3856.486      1.661      0.097   -1153.149     1.4e+04
SQ_RET_LAG48   428.5085   5665.528      0.076      0.940   -1.07e+04    1.15e+04
SQ_RET_LAG49  2427.5791   5083.159      0.478      0.633   -7535.229    1.24e+04
SQ_RET_LAG5   5031.9672   3638.681      1.383      0.167   -2099.716    1.22e+04
SQ_RET_LAG50  3089.2903   5126.929      0.603      0.547   -6959.306    1.31e+04
SQ_RET_LAG51  8579.1635   3803.341      2.256      0.024    1124.752     1.6e+04
SQ_RET_LAG52 -1.131e+04   1.07e+04     -1.054      0.292   -3.23e+04    9721.235
SQ_RET_LAG53  -601.1632   6126.555     -0.098      0.922   -1.26e+04    1.14e+04
SQ_RET_LAG54  3115.9001   4597.032      0.678      0.498   -5894.116    1.21e+04
SQ_RET_LAG55  1547.1933   4635.701      0.334      0.739   -7538.613    1.06e+04
SQ_RET_LAG56  4337.4028   4635.993      0.936      0.349   -4748.977    1.34e+04
SQ_RET_LAG57  5364.0935   3833.558      1.399      0.162   -2149.543    1.29e+04
SQ_RET_LAG58  2938.5686   4591.502      0.640      0.522   -6060.610    1.19e+04
SQ_RET_LAG59  7415.7276   3781.863      1.961      0.050       3.412    1.48e+04
SQ_RET_LAG6   9856.3845   3800.536      2.593      0.010    2407.472    1.73e+04
SQ_RET_LAG60  4326.9858   4191.843      1.032      0.302   -3888.876    1.25e+04
SQ_RET_LAG61  9129.5516   5151.374      1.772      0.076    -966.956    1.92e+04
SQ_RET_LAG62  5374.8914   4219.799      1.274      0.203   -2895.762    1.36e+04
SQ_RET_LAG63  3731.4471   4478.966      0.833      0.405   -5047.166    1.25e+04
SQ_RET_LAG64 -1333.1834   5232.883     -0.255      0.799   -1.16e+04    8923.080
SQ_RET_LAG65  5071.3703   4805.922      1.055      0.291   -4348.064    1.45e+04
SQ_RET_LAG66  5403.8907   4357.721      1.240      0.215   -3137.086    1.39e+04
SQ_RET_LAG67  1.014e+04   4403.386      2.302      0.021    1504.712    1.88e+04
SQ_RET_LAG68  1435.5204   4641.796      0.309      0.757   -7662.233    1.05e+04
SQ_RET_LAG69  -535.9080   5072.787     -0.106      0.916   -1.05e+04    9406.571
SQ_RET_LAG7   1.504e+04   5051.378      2.977      0.003    5137.335    2.49e+04
SQ_RET_LAG70 -8634.4598   7272.526     -1.187      0.235   -2.29e+04    5619.428
SQ_RET_LAG71 -2547.3683   6344.906     -0.401      0.688    -1.5e+04    9888.419
SQ_RET_LAG72  8858.0325   4367.073      2.028      0.043     298.726    1.74e+04
SQ_RET_LAG73  7548.8290   4442.369      1.699      0.089   -1158.055    1.63e+04
SQ_RET_LAG74 -1024.6560   5723.536     -0.179      0.858   -1.22e+04    1.02e+04
SQ_RET_LAG75  -797.2755   5098.689     -0.156      0.876   -1.08e+04    9195.972
SQ_RET_LAG76  7091.3419   4436.273      1.598      0.110   -1603.594    1.58e+04
SQ_RET_LAG77    72.2564   5537.569      0.013      0.990   -1.08e+04    1.09e+04
SQ_RET_LAG78  2503.0875   5407.667      0.463      0.643   -8095.745    1.31e+04
SQ_RET_LAG79  2029.0971   4658.317      0.436      0.663   -7101.036    1.12e+04
SQ_RET_LAG8   7588.2331   4021.103      1.887      0.059    -292.983    1.55e+04
SQ_RET_LAG80 -1544.6592   5671.329     -0.272      0.785   -1.27e+04    9570.941
SQ_RET_LAG81 -2737.1291   6113.455     -0.448      0.654   -1.47e+04    9245.022
SQ_RET_LAG82  2611.8506   5329.762      0.490      0.624   -7834.291    1.31e+04
SQ_RET_LAG83  5271.9578   4694.423      1.123      0.261   -3928.943    1.45e+04
SQ_RET_LAG84  2415.4787   5219.140      0.463      0.643   -7813.849    1.26e+04
SQ_RET_LAG85   607.5751   5386.377      0.113      0.910   -9949.530    1.12e+04
SQ_RET_LAG86  2352.3172   5091.889      0.462      0.644   -7627.602    1.23e+04
SQ_RET_LAG87  3146.2812   4918.177      0.640      0.522   -6493.168    1.28e+04
SQ_RET_LAG88  1734.6284   4584.818      0.378      0.705   -7251.449    1.07e+04
SQ_RET_LAG89  2150.6577   4814.849      0.447      0.655   -7286.272    1.16e+04
SQ_RET_LAG9   1.043e+04   4829.116      2.160      0.031     968.405    1.99e+04
SQ_RET_LAG90  -683.0967   5761.073     -0.119      0.906    -1.2e+04    1.06e+04
VOL_LAG1      4.254e-07   8.16e-08      5.212      0.000    2.65e-07    5.85e-07
VOL_LAG10     2.707e-07   1.03e-07      2.627      0.009    6.88e-08    4.73e-07
VOL_LAG11    -7.589e-08   1.87e-07     -0.405      0.685   -4.43e-07    2.91e-07
VOL_LAG12     8.331e-08   1.37e-07      0.606      0.545   -1.86e-07    3.53e-07
VOL_LAG13     1.806e-07   1.25e-07      1.447      0.148    -6.4e-08    4.25e-07
VOL_LAG14     1.499e-09    1.8e-07      0.008      0.993   -3.52e-07    3.55e-07
VOL_LAG15     8.808e-08   1.48e-07      0.594      0.553   -2.03e-07    3.79e-07
VOL_LAG16     -5.93e-08   2.02e-07     -0.293      0.769   -4.56e-07    3.37e-07
VOL_LAG17    -1.489e-08   1.91e-07     -0.078      0.938    -3.9e-07     3.6e-07
VOL_LAG18    -4.158e-08   2.08e-07     -0.200      0.841   -4.49e-07    3.65e-07
VOL_LAG19     5.141e-08   1.49e-07      0.346      0.730    -2.4e-07    3.43e-07
VOL_LAG2      1.576e-07   1.01e-07      1.553      0.120   -4.13e-08    3.56e-07
VOL_LAG20     7.971e-08    1.6e-07      0.500      0.617   -2.33e-07    3.92e-07
VOL_LAG21     3.567e-08   1.65e-07      0.216      0.829   -2.88e-07    3.59e-07
VOL_LAG22    -6.783e-08   2.05e-07     -0.330      0.741   -4.71e-07    3.35e-07
VOL_LAG23     7.589e-08   1.58e-07      0.480      0.631   -2.34e-07    3.86e-07
VOL_LAG24     1.144e-07   1.44e-07      0.793      0.428   -1.68e-07    3.97e-07
VOL_LAG25     6.081e-09   1.77e-07      0.034      0.973   -3.41e-07    3.53e-07
VOL_LAG26     1.969e-07   1.28e-07      1.542      0.123   -5.34e-08    4.47e-07
VOL_LAG27    -5.874e-09   1.86e-07     -0.032      0.975   -3.71e-07    3.59e-07
VOL_LAG28    -2.314e-07   2.94e-07     -0.788      0.430   -8.07e-07    3.44e-07
VOL_LAG29    -6.805e-08   2.34e-07     -0.290      0.772   -5.27e-07    3.91e-07
VOL_LAG3      1.002e-07   1.13e-07      0.888      0.375   -1.21e-07    3.22e-07
VOL_LAG30     1.452e-07   1.43e-07      1.016      0.310   -1.35e-07    4.25e-07
VOL_LAG31    -2.224e-08   1.97e-07     -0.113      0.910   -4.09e-07    3.65e-07
VOL_LAG32    -1.526e-08   2.01e-07     -0.076      0.939   -4.09e-07    3.79e-07
VOL_LAG33     6.025e-08    1.8e-07      0.335      0.737   -2.92e-07    4.12e-07
VOL_LAG34    -3.363e-08   2.12e-07     -0.159      0.874   -4.48e-07    3.81e-07
VOL_LAG35     1.084e-07   1.64e-07      0.662      0.508   -2.12e-07    4.29e-07
VOL_LAG36    -1.092e-07   2.31e-07     -0.472      0.637   -5.63e-07    3.44e-07
VOL_LAG37     2.052e-07   1.41e-07      1.454      0.146   -7.14e-08    4.82e-07
VOL_LAG38    -3.059e-07   3.03e-07     -1.009      0.313      -9e-07    2.88e-07
VOL_LAG39     1.127e-07   1.56e-07      0.724      0.469   -1.92e-07    4.18e-07
VOL_LAG4      2.326e-07   9.11e-08      2.553      0.011    5.41e-08    4.11e-07
VOL_LAG40    -1.005e-07   2.51e-07     -0.400      0.689   -5.92e-07    3.92e-07
VOL_LAG41     3.372e-08   1.85e-07      0.182      0.856    -3.3e-07    3.97e-07
VOL_LAG42    -1.013e-07   2.54e-07     -0.398      0.690      -6e-07    3.97e-07
VOL_LAG43    -2.228e-08   2.02e-07     -0.110      0.912   -4.19e-07    3.74e-07
VOL_LAG44    -2.353e-08   2.01e-07     -0.117      0.907   -4.17e-07     3.7e-07
VOL_LAG45     7.544e-08   1.67e-07      0.451      0.652   -2.52e-07    4.03e-07
VOL_LAG46     3.148e-08    1.8e-07      0.175      0.861   -3.22e-07    3.85e-07
VOL_LAG47     4.473e-08   1.97e-07      0.227      0.821   -3.42e-07    4.31e-07
VOL_LAG48    -5.771e-08   2.17e-07     -0.266      0.790   -4.83e-07    3.67e-07
VOL_LAG49     9.743e-08   1.69e-07      0.577      0.564   -2.33e-07    4.28e-07
VOL_LAG5      2.574e-07   9.37e-08      2.747      0.006    7.37e-08    4.41e-07
VOL_LAG50    -6.777e-08    2.4e-07     -0.282      0.778   -5.38e-07    4.02e-07
VOL_LAG51     8.218e-08   1.66e-07      0.496      0.620   -2.43e-07    4.07e-07
VOL_LAG52    -5.975e-08   2.31e-07     -0.259      0.796   -5.12e-07    3.93e-07
VOL_LAG53     1.024e-07   1.76e-07      0.580      0.562   -2.43e-07    4.48e-07
VOL_LAG54    -4.851e-08   2.23e-07     -0.218      0.827   -4.85e-07    3.88e-07
VOL_LAG55    -1.128e-10   1.92e-07     -0.001      1.000   -3.77e-07    3.77e-07
VOL_LAG56     1.446e-07   1.63e-07      0.886      0.375   -1.75e-07    4.64e-07
VOL_LAG57    -1.329e-07   2.55e-07     -0.520      0.603   -6.34e-07    3.68e-07
VOL_LAG58         7e-08   1.82e-07      0.385      0.700   -2.86e-07    4.26e-07
VOL_LAG59    -2.541e-08   2.04e-07     -0.124      0.901   -4.26e-07    3.75e-07
VOL_LAG6      1.575e-07   1.13e-07      1.391      0.164   -6.44e-08    3.79e-07
VOL_LAG60     2.104e-07   1.25e-07      1.678      0.093   -3.53e-08    4.56e-07
VOL_LAG61     1.999e-07   1.59e-07      1.260      0.208   -1.11e-07    5.11e-07
VOL_LAG62     -3.91e-07   3.71e-07     -1.054      0.292   -1.12e-06    3.36e-07
VOL_LAG63    -1.384e-07   2.69e-07     -0.514      0.607   -6.66e-07    3.89e-07
VOL_LAG64     8.197e-08   1.97e-07      0.417      0.677   -3.04e-07    4.67e-07
VOL_LAG65     -1.27e-07   2.66e-07     -0.478      0.633   -6.48e-07    3.94e-07
VOL_LAG66     6.654e-08   1.88e-07      0.354      0.724   -3.02e-07    4.35e-07
VOL_LAG67     3.081e-08   2.01e-07      0.153      0.878   -3.64e-07    4.25e-07
VOL_LAG68     9.475e-08   1.86e-07      0.510      0.610    -2.7e-07    4.59e-07
VOL_LAG69    -1.637e-07   3.04e-07     -0.539      0.590   -7.59e-07    4.32e-07
VOL_LAG7      1.819e-07   1.09e-07      1.668      0.095   -3.18e-08    3.96e-07
VOL_LAG70     3.877e-08   2.49e-07      0.156      0.876   -4.48e-07    5.26e-07
VOL_LAG71     -4.66e-07   4.61e-07     -1.011      0.312   -1.37e-06    4.38e-07
VOL_LAG72     5.881e-08   2.14e-07      0.275      0.784   -3.61e-07    4.79e-07
VOL_LAG73     2.314e-08   2.22e-07      0.104      0.917   -4.11e-07    4.57e-07
VOL_LAG74      3.15e-08   1.99e-07      0.158      0.875   -3.59e-07    4.22e-07
VOL_LAG75     7.529e-08   1.87e-07      0.403      0.687   -2.91e-07    4.41e-07
VOL_LAG76     1.174e-07   1.67e-07      0.702      0.482    -2.1e-07    4.45e-07
VOL_LAG77     1.523e-07    2.3e-07      0.663      0.507   -2.98e-07    6.02e-07
VOL_LAG78    -8.689e-07   6.15e-07     -1.413      0.158   -2.07e-06    3.36e-07
VOL_LAG79    -2.446e-07   3.75e-07     -0.652      0.514    -9.8e-07     4.9e-07
VOL_LAG8      9.602e-08   1.27e-07      0.755      0.450   -1.53e-07    3.45e-07
VOL_LAG80     2.015e-07   1.71e-07      1.181      0.237   -1.33e-07    5.36e-07
VOL_LAG81     -1.76e-07    3.5e-07     -0.503      0.615   -8.61e-07    5.09e-07
VOL_LAG82    -3.506e-07   4.16e-07     -0.843      0.399   -1.17e-06    4.64e-07
VOL_LAG83     9.552e-08   1.67e-07      0.573      0.567   -2.31e-07    4.22e-07
VOL_LAG84     3.023e-07   1.23e-07      2.464      0.014    6.18e-08    5.43e-07
VOL_LAG85    -2.069e-07   3.39e-07     -0.610      0.542   -8.72e-07    4.58e-07
VOL_LAG86     1.157e-07   1.92e-07      0.602      0.547   -2.61e-07    4.92e-07
VOL_LAG87    -2.545e-07   3.87e-07     -0.657      0.511   -1.01e-06    5.04e-07
VOL_LAG88    -4.219e-07   4.49e-07     -0.940      0.347    -1.3e-06    4.58e-07
VOL_LAG89     1.454e-07   1.77e-07      0.823      0.411   -2.01e-07    4.92e-07
VOL_LAG9       1.68e-07   1.11e-07      1.515      0.130   -4.93e-08    3.85e-07
VOL_LAG90     -2.16e-07    3.2e-07     -0.674      0.500   -8.44e-07    4.12e-07
================================================================================