                 Generalized Linear Model Regression Results                  
==============================================================================
Dep. Variable:                      Y   No. Observations:                15508
Model:                            GLM   Df Residuals:                    15327
Model Family:                Binomial   Df Model:                          180
Link Function:                  Logit   Scale:                          1.0000
Method:                          IRLS   Log-Likelihood:                -3012.6
Date:                Sun, 24 Mar 2024   Deviance:                       6025.2
Time:                        21:04:43   Pearson chi2:                 1.57e+04
No. Iterations:                     7   Pseudo R-squ. (CS):            0.02857
Covariance Type:            nonrobust                                         
==============================================================================
                 coef    std err          z      P>|z|      [0.025      0.975]
------------------------------------------------------------------------------
Intercept     -3.2004      0.058    -55.402      0.000      -3.314      -3.087
RET_LAG1     -60.8641     33.509     -1.816      0.069    -126.540       4.812
RET_LAG10     -8.9916     32.639     -0.275      0.783     -72.962      54.979
RET_LAG11      5.5607     32.260      0.172      0.863     -57.668      68.789
RET_LAG12    -33.5191     32.522     -1.031      0.303     -97.260      30.222
RET_LAG13     15.3983     32.391      0.475      0.635     -48.087      78.883
RET_LAG14     -7.6958     32.836     -0.234      0.815     -72.053      56.661
RET_LAG15     -3.2346     33.070     -0.098      0.922     -68.051      61.582
RET_LAG16     38.3996     32.963      1.165      0.244     -26.207     103.006
RET_LAG17    -20.6954     33.447     -0.619      0.536     -86.249      44.859
RET_LAG18    -32.7675     33.631     -0.974      0.330     -98.684      33.149
RET_LAG19    -19.7342     33.749     -0.585      0.559     -85.880      46.412
RET_LAG2     -66.5211     33.396     -1.992      0.046    -131.976      -1.066
RET_LAG20     -8.4371     33.673     -0.251      0.802     -74.434      57.560
RET_LAG21    -20.8784     33.913     -0.616      0.538     -87.346      45.590
RET_LAG22     -5.5366     33.728     -0.164      0.870     -71.642      60.568
RET_LAG23     95.5386     32.442      2.945      0.003      31.954     159.123
RET_LAG24     -0.4264     34.117     -0.012      0.990     -67.295      66.442
RET_LAG25     19.9493     32.698      0.610      0.542     -44.138      84.036
RET_LAG26    -35.2997     33.552     -1.052      0.293    -101.060      30.460
RET_LAG27     65.3394     33.682      1.940      0.052      -0.677     131.356
RET_LAG28     -5.2768     33.381     -0.158      0.874     -70.702      60.148
RET_LAG29     -5.1194     34.054     -0.150      0.881     -71.863      61.624
RET_LAG3     -95.7708     33.671     -2.844      0.004    -161.765     -29.776
RET_LAG30     46.5481     33.270      1.399      0.162     -18.660     111.756
RET_LAG31     14.8930     34.543      0.431      0.666     -52.809      82.595
RET_LAG32    -31.9815     34.895     -0.917      0.359    -100.374      36.411
RET_LAG33     45.2787     33.984      1.332      0.183     -21.329     111.887
RET_LAG34    -66.1820     35.033     -1.889      0.059    -134.846       2.482
RET_LAG35     11.2121     34.221      0.328      0.743     -55.860      78.284
RET_LAG36     21.5650     34.394      0.627      0.531     -45.846      88.975
RET_LAG37    -29.4873     35.088     -0.840      0.401     -98.259      39.284
RET_LAG38     39.0025     34.050      1.145      0.252     -27.735     105.740
RET_LAG39     23.0240     34.834      0.661      0.509     -45.249      91.297
RET_LAG4     -10.9119     33.555     -0.325      0.745     -76.679      54.855
RET_LAG40     48.5627     34.012      1.428      0.153     -18.099     115.224
RET_LAG41    -43.5698     34.125     -1.277      0.202    -110.453      23.313
RET_LAG42    -36.4797     35.038     -1.041      0.298    -105.152      32.193
RET_LAG43     63.7976     34.278      1.861      0.063      -3.387     130.982
RET_LAG44    -42.3449     34.762     -1.218      0.223    -110.477      25.788
RET_LAG45    -31.6649     34.796     -0.910      0.363     -99.865      36.535
RET_LAG46    -30.5672     34.979     -0.874      0.382     -99.124      37.990
RET_LAG47    -17.8545     34.856     -0.512      0.608     -86.171      50.462
RET_LAG48    -17.5439     35.282     -0.497      0.619     -86.695      51.607
RET_LAG49     54.3134     34.993      1.552      0.121     -14.271     122.898
RET_LAG5     -12.4857     33.425     -0.374      0.709     -77.997      53.026
RET_LAG50    -99.5446     34.530     -2.883      0.004    -167.223     -31.866
RET_LAG51     -4.1913     35.352     -0.119      0.906     -73.480      65.097
RET_LAG52    -33.2564     35.584     -0.935      0.350    -103.000      36.487
RET_LAG53    -58.8561     35.030     -1.680      0.093    -127.514       9.802
RET_LAG54     29.1642     35.452      0.823      0.411     -40.321      98.650
RET_LAG55      3.2538     34.809      0.093      0.926     -64.970      71.478
RET_LAG56    -23.5504     35.809     -0.658      0.511     -93.736      46.635
RET_LAG57     -5.9298     35.717     -0.166      0.868     -75.934      64.075
RET_LAG58     13.3436     35.254      0.379      0.705     -55.753      82.440
RET_LAG59    -56.6126     35.694     -1.586      0.113    -126.572      13.347
RET_LAG6     -40.6962     33.323     -1.221      0.222    -106.008      24.615
RET_LAG60    118.1872     33.349      3.544      0.000      52.823     183.551
RET_LAG61    -63.2050     34.142     -1.851      0.064    -130.121       3.711
RET_LAG62     -8.9563     35.867     -0.250      0.803     -79.255      61.342
RET_LAG63    -39.0629     35.679     -1.095      0.274    -108.992      30.866
RET_LAG64      3.9105     34.982      0.112      0.911     -64.654      72.475
RET_LAG65    -11.7758     35.724     -0.330      0.742     -81.793      58.242
RET_LAG66    -16.3296     35.752     -0.457      0.648     -86.402      53.743
RET_LAG67    -32.1933     35.928     -0.896      0.370    -102.610      38.224
RET_LAG68     48.4320     35.377      1.369      0.171     -20.906     117.770
RET_LAG69    -28.3466     36.285     -0.781      0.435     -99.464      42.770
RET_LAG7     -68.2401     33.416     -2.042      0.041    -133.734      -2.746
RET_LAG70     -8.4459     36.581     -0.231      0.817     -80.144      63.252
RET_LAG71     19.7144     37.222      0.530      0.596     -53.239      92.668
RET_LAG72      9.9908     36.373      0.275      0.784     -61.300      81.281
RET_LAG73    -41.6396     35.990     -1.157      0.247    -112.179      28.900
RET_LAG74     17.2738     37.424      0.462      0.644     -56.075      90.623
RET_LAG75     -1.8283     36.384     -0.050      0.960     -73.140      69.484
RET_LAG76     -8.4837     36.608     -0.232      0.817     -80.234      63.267
RET_LAG77    -31.3673     37.317     -0.841      0.401    -104.508      41.773
RET_LAG78    -16.1627     39.479     -0.409      0.682     -93.540      61.215
RET_LAG79      1.3544     37.135      0.036      0.971     -71.430      74.139
RET_LAG8      86.9493     31.737      2.740      0.006      24.746     149.152
RET_LAG80    -12.8271     38.407     -0.334      0.738     -88.103      62.449
RET_LAG81    -22.2747     39.221     -0.568      0.570     -99.146      54.596
RET_LAG82    -15.5657     39.012     -0.399      0.690     -92.028      60.897
RET_LAG83    -38.2820     38.196     -1.002      0.316    -113.145      36.581
RET_LAG84      3.3986     39.432      0.086      0.931     -73.887      80.684
RET_LAG85    -11.3676     38.979     -0.292      0.771     -87.766      65.031
RET_LAG86     75.8020     39.407      1.924      0.054      -1.433     153.037
RET_LAG87     70.3405     40.325      1.744      0.081      -8.695     149.376
RET_LAG88     40.9811     39.934      1.026      0.305     -37.289     119.251
RET_LAG89     33.3400     39.322      0.848      0.397     -43.731     110.411
RET_LAG9     -30.0106     32.191     -0.932      0.351     -93.103      33.082
RET_LAG90     -8.2360     39.102     -0.211      0.833     -84.874      68.402
VOL_LAG1    4.546e-07   8.16e-08      5.571      0.000    2.95e-07    6.15e-07
VOL_LAG10    2.75e-07   9.18e-08      2.996      0.003    9.51e-08    4.55e-07
VOL_LAG11   2.428e-08   1.31e-07      0.185      0.853   -2.33e-07    2.82e-07
VOL_LAG12   1.181e-07   1.09e-07      1.085      0.278   -9.53e-08    3.32e-07
VOL_LAG13   2.035e-07   1.03e-07      1.966      0.049    6.57e-10    4.06e-07
VOL_LAG14   9.039e-08   1.31e-07      0.688      0.492   -1.67e-07    3.48e-07
VOL_LAG15   1.153e-07   1.18e-07      0.981      0.327   -1.15e-07    3.46e-07
VOL_LAG16   4.751e-08    1.4e-07      0.340      0.734   -2.27e-07    3.22e-07
VOL_LAG17   5.642e-08   1.41e-07      0.399      0.690   -2.21e-07    3.33e-07
VOL_LAG18   6.226e-08   1.46e-07      0.426      0.670   -2.24e-07    3.49e-07
VOL_LAG19    8.46e-08    1.2e-07      0.707      0.480    -1.5e-07    3.19e-07
VOL_LAG2    2.107e-07   8.61e-08      2.446      0.014    4.19e-08     3.8e-07
VOL_LAG20   1.066e-07   1.31e-07      0.813      0.416   -1.51e-07    3.64e-07
VOL_LAG21   7.123e-08   1.32e-07      0.538      0.591   -1.88e-07    3.31e-07
VOL_LAG22   4.695e-08   1.42e-07      0.332      0.740   -2.31e-07    3.25e-07
VOL_LAG23   1.291e-07   1.25e-07      1.036      0.300   -1.15e-07    3.73e-07
VOL_LAG24   1.358e-07    1.2e-07      1.132      0.258   -9.94e-08    3.71e-07
VOL_LAG25   2.508e-08   1.51e-07      0.166      0.868   -2.71e-07    3.21e-07
VOL_LAG26    1.73e-07   1.17e-07      1.480      0.139    -5.6e-08    4.02e-07
VOL_LAG27   6.468e-08   1.42e-07      0.456      0.648   -2.13e-07    3.42e-07
VOL_LAG28  -1.039e-07   2.21e-07     -0.471      0.638   -5.36e-07    3.28e-07
VOL_LAG29  -5.008e-08   1.95e-07     -0.257      0.797   -4.32e-07    3.32e-07
VOL_LAG3    1.589e-07   9.12e-08      1.742      0.081   -1.98e-08    3.38e-07
VOL_LAG30   1.291e-07   1.31e-07      0.982      0.326   -1.29e-07    3.87e-07
VOL_LAG31   1.982e-08   1.65e-07      0.120      0.904   -3.04e-07    3.43e-07
VOL_LAG32   2.748e-08   1.67e-07      0.164      0.870   -3.01e-07    3.56e-07
VOL_LAG33     6.6e-08   1.58e-07      0.417      0.677   -2.44e-07    3.76e-07
VOL_LAG34   1.123e-08   1.72e-07      0.065      0.948   -3.27e-07    3.49e-07
VOL_LAG35   1.075e-07   1.46e-07      0.738      0.460   -1.78e-07    3.93e-07
VOL_LAG36    2.23e-09   1.77e-07      0.013      0.990   -3.45e-07    3.49e-07
VOL_LAG37   2.175e-07   1.21e-07      1.794      0.073   -2.02e-08    4.55e-07
VOL_LAG38  -1.565e-07   2.46e-07     -0.635      0.526    -6.4e-07    3.27e-07
VOL_LAG39    1.43e-07   1.34e-07      1.064      0.287    -1.2e-07    4.06e-07
VOL_LAG4    2.581e-07    8.3e-08      3.111      0.002    9.55e-08    4.21e-07
VOL_LAG40  -7.544e-08   2.24e-07     -0.336      0.737   -5.15e-07    3.64e-07
VOL_LAG41   5.244e-08   1.63e-07      0.322      0.748   -2.67e-07    3.72e-07
VOL_LAG42  -5.672e-08   2.22e-07     -0.255      0.798   -4.92e-07    3.79e-07
VOL_LAG43  -1.162e-08   1.86e-07     -0.063      0.950   -3.76e-07    3.52e-07
VOL_LAG44   2.197e-08   1.76e-07      0.125      0.900   -3.22e-07    3.66e-07
VOL_LAG45   8.696e-08   1.57e-07      0.555      0.579    -2.2e-07    3.94e-07
VOL_LAG46   5.121e-08   1.64e-07      0.312      0.755   -2.71e-07    3.73e-07
VOL_LAG47   5.503e-08   1.81e-07      0.304      0.761      -3e-07     4.1e-07
VOL_LAG48  -9.407e-09   1.94e-07     -0.048      0.961    -3.9e-07    3.71e-07
VOL_LAG49   6.951e-08   1.69e-07      0.411      0.681   -2.62e-07    4.01e-07
VOL_LAG5    2.838e-07   8.47e-08      3.351      0.001    1.18e-07     4.5e-07
VOL_LAG50  -4.593e-08   2.21e-07     -0.208      0.836    -4.8e-07    3.88e-07
VOL_LAG51   8.809e-08   1.58e-07      0.558      0.577   -2.21e-07    3.97e-07
VOL_LAG52  -7.842e-08   2.27e-07     -0.345      0.730   -5.24e-07    3.67e-07
VOL_LAG53   8.481e-08   1.73e-07      0.491      0.623   -2.54e-07    4.23e-07
VOL_LAG54  -5.737e-08   2.12e-07     -0.270      0.787   -4.73e-07    3.59e-07
VOL_LAG55   4.793e-09   1.81e-07      0.026      0.979    -3.5e-07     3.6e-07
VOL_LAG56   1.562e-07   1.48e-07      1.058      0.290   -1.33e-07    4.46e-07
VOL_LAG57  -9.598e-08   2.35e-07     -0.408      0.683   -5.57e-07    3.65e-07
VOL_LAG58   9.505e-08   1.64e-07      0.581      0.561   -2.26e-07    4.16e-07
VOL_LAG59  -5.061e-10   1.88e-07     -0.003      0.998   -3.68e-07    3.67e-07
VOL_LAG6    2.102e-07   9.14e-08      2.300      0.021    3.11e-08    3.89e-07
VOL_LAG60   2.058e-07   1.21e-07      1.698      0.090   -3.18e-08    4.43e-07
VOL_LAG61   2.291e-07   1.44e-07      1.593      0.111   -5.28e-08    5.11e-07
VOL_LAG62  -3.295e-07   3.68e-07     -0.895      0.371   -1.05e-06    3.92e-07
VOL_LAG63    -8.4e-08   2.47e-07     -0.340      0.734   -5.68e-07       4e-07
VOL_LAG64   6.631e-08   1.99e-07      0.333      0.739   -3.24e-07    4.57e-07
VOL_LAG65  -1.267e-07   2.62e-07     -0.485      0.628   -6.39e-07    3.86e-07
VOL_LAG66   8.179e-08   1.82e-07      0.450      0.653   -2.75e-07    4.38e-07
VOL_LAG67   7.569e-08   1.88e-07      0.402      0.687   -2.93e-07    4.44e-07
VOL_LAG68   1.295e-07   1.76e-07      0.737      0.461   -2.15e-07    4.74e-07
VOL_LAG69   -1.56e-07   3.16e-07     -0.493      0.622   -7.76e-07    4.64e-07
VOL_LAG7    2.338e-07   8.95e-08      2.611      0.009    5.83e-08    4.09e-07
VOL_LAG70  -2.145e-08   2.85e-07     -0.075      0.940   -5.81e-07    5.38e-07
VOL_LAG71  -6.842e-07   5.13e-07     -1.335      0.182   -1.69e-06    3.21e-07
VOL_LAG72   5.964e-08   2.11e-07      0.282      0.778   -3.55e-07    4.74e-07
VOL_LAG73   1.221e-07    1.9e-07      0.644      0.520    -2.5e-07    4.94e-07
VOL_LAG74   3.812e-08   1.98e-07      0.193      0.847   -3.49e-07    4.26e-07
VOL_LAG75   6.176e-08   1.93e-07      0.319      0.749   -3.17e-07    4.41e-07
VOL_LAG76   1.078e-07   1.71e-07      0.629      0.529   -2.28e-07    4.44e-07
VOL_LAG77   2.083e-07   2.25e-07      0.927      0.354   -2.32e-07    6.48e-07
VOL_LAG78  -1.085e-06   6.81e-07     -1.591      0.112   -2.42e-06    2.51e-07
VOL_LAG79  -3.135e-07   4.44e-07     -0.706      0.480   -1.18e-06    5.57e-07
VOL_LAG8    1.547e-07   9.85e-08      1.570      0.116   -3.84e-08    3.48e-07
VOL_LAG80   2.146e-07   1.78e-07      1.204      0.229   -1.35e-07    5.64e-07
VOL_LAG81  -2.458e-07   4.16e-07     -0.592      0.554   -1.06e-06    5.69e-07
VOL_LAG82  -5.269e-07    5.2e-07     -1.013      0.311   -1.55e-06    4.92e-07
VOL_LAG83   1.047e-07   1.72e-07      0.608      0.543   -2.33e-07    4.43e-07
VOL_LAG84   3.238e-07   1.28e-07      2.524      0.012    7.24e-08    5.75e-07
VOL_LAG85  -3.067e-07   4.24e-07     -0.723      0.470   -1.14e-06    5.25e-07
VOL_LAG86   1.182e-07   2.12e-07      0.558      0.577   -2.97e-07    5.33e-07
VOL_LAG87  -3.808e-07   5.18e-07     -0.735      0.463    -1.4e-06    6.35e-07
VOL_LAG88  -8.812e-07   6.91e-07     -1.276      0.202   -2.23e-06    4.72e-07
VOL_LAG89   1.523e-07   1.95e-07      0.783      0.434   -2.29e-07    5.34e-07
VOL_LAG9    1.939e-07   9.36e-08      2.072      0.038    1.05e-08    3.77e-07
VOL_LAG90  -5.034e-07   5.08e-07     -0.990      0.322    -1.5e-06    4.93e-07
==============================================================================