                 Generalized Linear Model Regression Results                  
==============================================================================
Dep. Variable:                      Y   No. Observations:                15508
Model:                            GLM   Df Residuals:                    15267
Model Family:                Binomial   Df Model:                          240
Link Function:                  Logit   Scale:                          1.0000
Method:                          IRLS   Log-Likelihood:                -2882.0
Date:                Sun, 17 Mar 2024   Deviance:                       5764.1
Time:                        19:23:48   Pearson chi2:                 1.44e+04
No. Iterations:                     7   Pseudo R-squ. (CS):            0.04479
Covariance Type:            nonrobust                                         
=================================================================================
                    coef    std err          z      P>|z|      [0.025      0.975]
---------------------------------------------------------------------------------
Intercept        -3.4669      0.053    -65.380      0.000      -3.571      -3.363
RET_LAG1        -35.1618     31.153     -1.129      0.259     -96.221      25.898
RET_LAG10        27.7969     30.331      0.916      0.359     -31.651      87.244
RET_LAG100      -22.0749     41.685     -0.530      0.596    -103.775      59.625
RET_LAG101      -13.9997     40.093     -0.349      0.727     -92.580      64.580
RET_LAG102       -6.0685     41.504     -0.146      0.884     -87.415      75.278
RET_LAG103       -9.8589     39.891     -0.247      0.805     -88.045      68.327
RET_LAG104        4.2165     36.715      0.115      0.909     -67.743      76.177
RET_LAG105       27.2261     41.595      0.655      0.513     -54.299     108.751
RET_LAG106      -11.0196     37.211     -0.296      0.767     -83.952      61.912
RET_LAG107       13.6769     34.438      0.397      0.691     -53.821      81.175
RET_LAG108       99.1335     35.689      2.778      0.005      29.184     169.083
RET_LAG109        5.0665     37.332      0.136      0.892     -68.104      78.237
RET_LAG11        21.7115     30.598      0.710      0.478     -38.259      81.682
RET_LAG110       -4.2254     35.221     -0.120      0.905     -73.258      64.807
RET_LAG111       18.4549     35.803      0.515      0.606     -51.718      88.628
RET_LAG112        1.9836     38.666      0.051      0.959     -73.800      77.768
RET_LAG113        4.6461     35.317      0.132      0.895     -64.575      73.867
RET_LAG114       28.3380     36.890      0.768      0.442     -43.964     100.640
RET_LAG115       42.6568     36.220      1.178      0.239     -28.334     113.647
RET_LAG116      -71.9833     37.426     -1.923      0.054    -145.338       1.371
RET_LAG117       47.4102     35.030      1.353      0.176     -21.247     116.067
RET_LAG118       24.6423     35.088      0.702      0.482     -44.129      93.413
RET_LAG119      -48.7669     36.976     -1.319      0.187    -121.238      23.704
RET_LAG12        -7.1748     31.319     -0.229      0.819     -68.558      54.208
RET_LAG120      -61.4560     35.316     -1.740      0.082    -130.675       7.763
RET_LAG13        26.6689     30.669      0.870      0.385     -33.442      86.780
RET_LAG14        -2.5432     30.715     -0.083      0.934     -62.744      57.658
RET_LAG15        21.4714     30.884      0.695      0.487     -39.061      82.003
RET_LAG16        42.0796     29.964      1.404      0.160     -16.648     100.807
RET_LAG17       -17.7321     30.684     -0.578      0.563     -77.872      42.408
RET_LAG18       -30.5721     31.333     -0.976      0.329     -91.983      30.839
RET_LAG19       -18.0746     31.358     -0.576      0.564     -79.534      43.385
RET_LAG2        -41.7570     30.951     -1.349      0.177    -102.419      18.905
RET_LAG20       -15.0165     30.638     -0.490      0.624     -75.066      45.033
RET_LAG21       -23.1173     30.929     -0.747      0.455     -83.737      37.503
RET_LAG22        10.8963     30.837      0.353      0.724     -49.544      71.336
RET_LAG23        86.4237     31.174      2.772      0.006      25.324     147.523
RET_LAG24        10.9680     31.424      0.349      0.727     -50.622      72.558
RET_LAG25        28.8779     33.375      0.865      0.387     -36.536      94.292
RET_LAG26       -18.1301     30.755     -0.590      0.556     -78.408      42.148
RET_LAG27        79.0832     31.260      2.530      0.011      17.815     140.352
RET_LAG28         6.0449     33.612      0.180      0.857     -59.833      71.923
RET_LAG29         9.9080     32.365      0.306      0.760     -53.526      73.342
RET_LAG3        -71.1954     30.582     -2.328      0.020    -131.134     -11.257
RET_LAG30        46.3014     31.513      1.469      0.142     -15.464     108.067
RET_LAG31        30.8493     31.670      0.974      0.330     -31.224      92.922
RET_LAG32       -17.5010     31.949     -0.548      0.584     -80.119      45.117
RET_LAG33        52.8342     32.080      1.647      0.100     -10.042     115.711
RET_LAG34       -46.8435     33.091     -1.416      0.157    -111.700      18.013
RET_LAG35        24.0261     30.547      0.787      0.432     -35.845      83.897
RET_LAG36        29.7537     30.576      0.973      0.331     -30.175      89.682
RET_LAG37       -18.9402     30.925     -0.612      0.540     -79.551      41.671
RET_LAG38        44.1017     30.858      1.429      0.153     -16.379     104.582
RET_LAG39        29.6605     32.714      0.907      0.365     -34.458      93.779
RET_LAG4         -4.0356     30.344     -0.133      0.894     -63.509      55.438
RET_LAG40        42.6349     31.692      1.345      0.179     -19.480     104.750
RET_LAG41       -43.0331     33.607     -1.280      0.200    -108.902      22.836
RET_LAG42       -31.1691     31.919     -0.976      0.329     -93.730      31.391
RET_LAG43        51.1158     32.420      1.577      0.115     -12.427     114.658
RET_LAG44       -47.6270     32.235     -1.477      0.140    -110.807      15.553
RET_LAG45       -22.2111     31.608     -0.703      0.482     -84.162      39.739
RET_LAG46       -10.4463     33.222     -0.314      0.753     -75.560      54.668
RET_LAG47        -0.1989     31.201     -0.006      0.995     -61.352      60.954
RET_LAG48         2.1221     34.254      0.062      0.951     -65.014      69.258
RET_LAG49        67.4140     34.624      1.947      0.052      -0.448     135.276
RET_LAG5          9.8367     30.417      0.323      0.746     -49.780      69.453
RET_LAG50       -64.8992     34.037     -1.907      0.057    -131.610       1.812
RET_LAG51        17.4403     31.524      0.553      0.580     -44.345      79.226
RET_LAG52       -10.7139     36.396     -0.294      0.768     -82.048      60.620
RET_LAG53       -27.6696     34.726     -0.797      0.426     -95.731      40.392
RET_LAG54        33.4843     33.615      0.996      0.319     -32.400      99.369
RET_LAG55         6.6450     32.896      0.202      0.840     -57.830      71.120
RET_LAG56        -4.4153     32.726     -0.135      0.893     -68.556      59.726
RET_LAG57        13.5319     31.732      0.426      0.670     -48.661      75.725
RET_LAG58        19.2256     32.414      0.593      0.553     -44.305      82.756
RET_LAG59       -38.6274     31.880     -1.212      0.226    -101.110      23.856
RET_LAG6        -34.0018     30.633     -1.110      0.267     -94.041      26.037
RET_LAG60       103.5647     33.415      3.099      0.002      38.073     169.056
RET_LAG61       -47.5309     31.827     -1.493      0.135    -109.911      14.849
RET_LAG62        -1.1651     32.115     -0.036      0.971     -64.109      61.779
RET_LAG63       -18.8871     32.013     -0.590      0.555     -81.631      43.857
RET_LAG64         4.7556     33.273      0.143      0.886     -60.458      69.970
RET_LAG65        -4.3468     32.881     -0.132      0.895     -68.793      60.099
RET_LAG66         3.6584     31.967      0.114      0.909     -58.996      66.313
RET_LAG67       -30.8748     33.019     -0.935      0.350     -95.590      33.841
RET_LAG68        53.3177     32.661      1.632      0.103     -10.697     117.333
RET_LAG69        -7.0811     33.413     -0.212      0.832     -72.570      58.407
RET_LAG7        -26.8526     31.083     -0.864      0.388     -87.774      34.069
RET_LAG70         5.6966     35.986      0.158      0.874     -64.834      76.227
RET_LAG71        20.5698     35.439      0.580      0.562     -48.889      90.028
RET_LAG72         4.1128     32.958      0.125      0.901     -60.484      68.709
RET_LAG73       -21.3662     32.448     -0.658      0.510     -84.963      42.231
RET_LAG74        14.8175     35.224      0.421      0.674     -54.221      83.856
RET_LAG75         4.1376     34.467      0.120      0.904     -63.417      71.692
RET_LAG76         5.0386     32.671      0.154      0.877     -58.995      69.072
RET_LAG77       -23.0108     34.385     -0.669      0.503     -90.405      44.384
RET_LAG78       -14.8926     34.910     -0.427      0.670     -83.315      53.530
RET_LAG79         1.2830     33.744      0.038      0.970     -64.854      67.421
RET_LAG8         73.9399     30.439      2.429      0.015      14.280     133.599
RET_LAG80       -11.1380     35.661     -0.312      0.755     -81.032      58.755
RET_LAG81       -17.5829     37.260     -0.472      0.637     -90.612      55.446
RET_LAG82       -13.6421     35.498     -0.384      0.701     -83.217      55.933
RET_LAG83       -26.7743     34.536     -0.775      0.438     -94.464      40.916
RET_LAG84        19.1684     35.175      0.545      0.586     -49.774      88.111
RET_LAG85         1.1613     35.819      0.032      0.974     -69.043      71.366
RET_LAG86        64.2496     36.701      1.751      0.080      -7.684     136.183
RET_LAG87        63.6454     35.512      1.792      0.073      -5.956     133.247
RET_LAG88        35.5926     36.596      0.973      0.331     -36.133     107.319
RET_LAG89        21.3094     36.105      0.590      0.555     -49.455      92.074
RET_LAG9        -10.6339     31.665     -0.336      0.737     -72.697      51.429
RET_LAG90       -17.7550     37.850     -0.469      0.639     -91.939      56.429
RET_LAG91        79.1888     37.929      2.088      0.037       4.849     153.528
RET_LAG92         7.1895     33.688      0.213      0.831     -58.837      73.216
RET_LAG93        -0.6682     36.046     -0.019      0.985     -71.316      69.980
RET_LAG94        -5.7447     37.190     -0.154      0.877     -78.635      67.146
RET_LAG95        26.3212     34.625      0.760      0.447     -41.542      94.184
RET_LAG96       -10.2834     38.562     -0.267      0.790     -85.863      65.296
RET_LAG97       -15.2316     34.709     -0.439      0.661     -83.261      52.798
RET_LAG98        12.7451     34.614      0.368      0.713     -55.097      80.588
RET_LAG99       -15.9449     37.705     -0.423      0.672     -89.846      57.956
SQ_RET_LAG1    1.491e+04   4626.994      3.223      0.001    5843.048     2.4e+04
SQ_RET_LAG10   6469.9050   3684.191      1.756      0.079    -750.976    1.37e+04
SQ_RET_LAG100 -1.666e+04   1.47e+04     -1.132      0.258   -4.55e+04    1.22e+04
SQ_RET_LAG101 -8028.3171   1.07e+04     -0.747      0.455   -2.91e+04     1.3e+04
SQ_RET_LAG102 -1.447e+04   1.46e+04     -0.994      0.320    -4.3e+04    1.41e+04
SQ_RET_LAG103 -6321.7290   1.11e+04     -0.571      0.568    -2.8e+04    1.54e+04
SQ_RET_LAG104  2714.5556   5223.330      0.520      0.603   -7522.983     1.3e+04
SQ_RET_LAG105 -1.605e+04   1.51e+04     -1.064      0.287   -4.56e+04    1.35e+04
SQ_RET_LAG106  1906.4033   5852.649      0.326      0.745   -9564.577    1.34e+04
SQ_RET_LAG107  6989.1639   3820.386      1.829      0.067    -498.655    1.45e+04
SQ_RET_LAG108  3588.9394   3955.451      0.907      0.364   -4163.603    1.13e+04
SQ_RET_LAG109   149.0587   5936.097      0.025      0.980   -1.15e+04    1.18e+04
SQ_RET_LAG11   3268.9362   3771.517      0.867      0.386   -4123.101    1.07e+04
SQ_RET_LAG110  2496.7033   4448.144      0.561      0.575   -6221.498    1.12e+04
SQ_RET_LAG111  2.047e+04   7871.324      2.601      0.009    5044.018    3.59e+04
SQ_RET_LAG112 -5864.1680   6901.731     -0.850      0.396   -1.94e+04    7662.977
SQ_RET_LAG113  6758.3012   4129.454      1.637      0.102   -1335.280    1.49e+04
SQ_RET_LAG114 -1833.3048   5655.963     -0.324      0.746   -1.29e+04    9252.180
SQ_RET_LAG115   -17.0284   4482.539     -0.004      0.997   -8802.643    8768.586
SQ_RET_LAG116  -124.3204   6109.360     -0.020      0.984   -1.21e+04    1.18e+04
SQ_RET_LAG117  1996.3648   4310.471      0.463      0.643   -6452.003    1.04e+04
SQ_RET_LAG118  7617.6357   4748.359      1.604      0.109   -1688.976    1.69e+04
SQ_RET_LAG119  -823.2485   5412.107     -0.152      0.879   -1.14e+04    9784.285
SQ_RET_LAG12   3944.9361   4163.104      0.948      0.343   -4214.598    1.21e+04
SQ_RET_LAG120  3573.8420   4501.952      0.794      0.427   -5249.821    1.24e+04
SQ_RET_LAG13   8464.9973   3975.956      2.129      0.033     672.267    1.63e+04
SQ_RET_LAG14   8038.4853   3786.280      2.123      0.034     617.512    1.55e+04
SQ_RET_LAG15   2447.8872   3945.979      0.620      0.535   -5286.090    1.02e+04
SQ_RET_LAG16   6167.4785   3511.124      1.757      0.079    -714.199     1.3e+04
SQ_RET_LAG17   5247.0520   3901.189      1.345      0.179   -2399.138    1.29e+04
SQ_RET_LAG18   1.022e+04   4132.037      2.474      0.013    2124.965    1.83e+04
SQ_RET_LAG19   4188.6780   4205.646      0.996      0.319   -4054.237    1.24e+04
SQ_RET_LAG2    8062.9113   3969.696      2.031      0.042     282.449    1.58e+04
SQ_RET_LAG20   5537.9612   3796.799      1.459      0.145   -1903.627     1.3e+04
SQ_RET_LAG21   1.098e+04   4075.886      2.693      0.007    2987.252     1.9e+04
SQ_RET_LAG22   5396.2260   3674.659      1.468      0.142   -1805.974    1.26e+04
SQ_RET_LAG23   7869.4443   4359.218      1.805      0.071    -674.466    1.64e+04
SQ_RET_LAG24   3044.0269   3952.003      0.770      0.441   -4701.757    1.08e+04
SQ_RET_LAG25  -1460.1699   4807.240     -0.304      0.761   -1.09e+04    7961.848
SQ_RET_LAG26   8495.1495   3884.106      2.187      0.029     882.441    1.61e+04
SQ_RET_LAG27   3045.8722   3618.406      0.842      0.400   -4046.074    1.01e+04
SQ_RET_LAG28  -4314.9321   5910.721     -0.730      0.465   -1.59e+04    7269.869
SQ_RET_LAG29   1516.7866   4525.588      0.335      0.738   -7353.204    1.04e+04
SQ_RET_LAG3    9902.6408   3732.571      2.653      0.008    2586.936    1.72e+04
SQ_RET_LAG30   3330.0229   3853.188      0.864      0.387   -4222.086    1.09e+04
SQ_RET_LAG31   3942.8066   3819.625      1.032      0.302   -3543.521    1.14e+04
SQ_RET_LAG32   3077.8823   4354.329      0.707      0.480   -5456.446    1.16e+04
SQ_RET_LAG33   4350.0737   3946.623      1.102      0.270   -3385.166    1.21e+04
SQ_RET_LAG34   3204.0806   4963.974      0.645      0.519   -6525.130    1.29e+04
SQ_RET_LAG35   7863.6378   3582.736      2.195      0.028     841.603    1.49e+04
SQ_RET_LAG36   1.039e+04   3931.790      2.644      0.008    2688.641    1.81e+04
SQ_RET_LAG37   7199.1507   3574.337      2.014      0.044     193.578    1.42e+04
SQ_RET_LAG38   6558.5519   3705.816      1.770      0.077    -704.714    1.38e+04
SQ_RET_LAG39   1661.9127   4433.930      0.375      0.708   -7028.430    1.04e+04
SQ_RET_LAG4    1.243e+04   3797.858      3.274      0.001    4991.102    1.99e+04
SQ_RET_LAG40   4147.1898   3711.450      1.117      0.264   -3127.119    1.14e+04
SQ_RET_LAG41   1012.5085   5128.274      0.197      0.843   -9038.724    1.11e+04
SQ_RET_LAG42   4925.1750   3926.764      1.254      0.210   -2771.140    1.26e+04
SQ_RET_LAG43   3763.3518   3919.078      0.960      0.337   -3917.901    1.14e+04
SQ_RET_LAG44   5494.7178   4116.096      1.335      0.182   -2572.682    1.36e+04
SQ_RET_LAG45   7630.0508   3773.536      2.022      0.043     234.055     1.5e+04
SQ_RET_LAG46   1818.2086   4780.492      0.380      0.704   -7551.384    1.12e+04
SQ_RET_LAG47   6219.3936   3686.710      1.687      0.092   -1006.425    1.34e+04
SQ_RET_LAG48   -530.5932   5693.662     -0.093      0.926   -1.17e+04    1.06e+04
SQ_RET_LAG49   1452.3023   4828.365      0.301      0.764   -8011.118    1.09e+04
SQ_RET_LAG5    7338.3877   3551.103      2.067      0.039     378.353    1.43e+04
SQ_RET_LAG50   2301.5423   5266.627      0.437      0.662   -8020.858    1.26e+04
SQ_RET_LAG51   6523.3585   3801.096      1.716      0.086    -926.652     1.4e+04
SQ_RET_LAG52  -7270.4904   9400.741     -0.773      0.439   -2.57e+04    1.12e+04
SQ_RET_LAG53   -988.1011   5743.112     -0.172      0.863   -1.22e+04    1.03e+04
SQ_RET_LAG54   2573.8800   4602.706      0.559      0.576   -6447.257    1.16e+04
SQ_RET_LAG55   1898.0898   4500.211      0.422      0.673   -6922.161    1.07e+04
SQ_RET_LAG56   4229.2194   4291.045      0.986      0.324   -4181.075    1.26e+04
SQ_RET_LAG57   5076.0152   3761.746      1.349      0.177   -2296.871    1.24e+04
SQ_RET_LAG58   2772.4498   4317.263      0.642      0.521   -5689.231    1.12e+04
SQ_RET_LAG59   8571.9234   3843.188      2.230      0.026    1039.414    1.61e+04
SQ_RET_LAG6    1.224e+04   4105.712      2.982      0.003    4196.420    2.03e+04
SQ_RET_LAG60   4823.1050   4355.953      1.107      0.268   -3714.405    1.34e+04
SQ_RET_LAG61   8510.9297   3996.557      2.130      0.033     677.821    1.63e+04
SQ_RET_LAG62   5059.8276   3777.599      1.339      0.180   -2344.130    1.25e+04
SQ_RET_LAG63   3886.0539   4098.038      0.948      0.343   -4145.953    1.19e+04
SQ_RET_LAG64    505.5721   4687.925      0.108      0.914   -8682.593    9693.737
SQ_RET_LAG65   5736.1329   4360.605      1.315      0.188   -2810.496    1.43e+04
SQ_RET_LAG66   5319.2082   3806.331      1.397      0.162   -2141.063    1.28e+04
SQ_RET_LAG67   1.056e+04   4190.220      2.519      0.012    2343.728    1.88e+04
SQ_RET_LAG68   1301.6289   3929.988      0.331      0.740   -6401.005    9004.263
SQ_RET_LAG69    710.9068   4637.556      0.153      0.878   -8378.536    9800.350
SQ_RET_LAG7    1.885e+04   5861.803      3.216      0.001    7362.330    3.03e+04
SQ_RET_LAG70  -7551.1173   7961.803     -0.948      0.343   -2.32e+04    8053.730
SQ_RET_LAG71  -2536.9367   6405.783     -0.396      0.692   -1.51e+04       1e+04
SQ_RET_LAG72   8360.6357   3951.828      2.116      0.034     615.196    1.61e+04
SQ_RET_LAG73   7293.6817   3893.261      1.873      0.061    -336.970    1.49e+04
SQ_RET_LAG74   -441.5146   5641.288     -0.078      0.938   -1.15e+04    1.06e+04
SQ_RET_LAG75     94.0122   5142.483      0.018      0.985   -9985.070    1.02e+04
SQ_RET_LAG76   6485.3446   3909.868      1.659      0.097   -1177.855    1.41e+04
SQ_RET_LAG77    493.1457   5094.239      0.097      0.923   -9491.379    1.05e+04
SQ_RET_LAG78   1066.2810   5353.660      0.199      0.842   -9426.701    1.16e+04
SQ_RET_LAG79   2051.9569   4524.282      0.454      0.650   -6815.472    1.09e+04
SQ_RET_LAG8    9641.7389   4092.774      2.356      0.018    1620.049    1.77e+04
SQ_RET_LAG80   -554.1515   5535.726     -0.100      0.920   -1.14e+04    1.03e+04
SQ_RET_LAG81  -3023.8994   6266.889     -0.483      0.629   -1.53e+04    9258.977
SQ_RET_LAG82   2488.7334   5152.016      0.483      0.629   -7609.033    1.26e+04
SQ_RET_LAG83   5312.9919   4662.482      1.140      0.254   -3825.305    1.45e+04
SQ_RET_LAG84   2797.1345   4546.905      0.615      0.538   -6114.635    1.17e+04
SQ_RET_LAG85    491.2910   5173.641      0.095      0.924   -9648.858    1.06e+04
SQ_RET_LAG86    836.4374   4894.837      0.171      0.864   -8757.267    1.04e+04
SQ_RET_LAG87   1160.9917   4609.667      0.252      0.801   -7873.789    1.02e+04
SQ_RET_LAG88  -1236.7280   5772.594     -0.214      0.830   -1.26e+04    1.01e+04
SQ_RET_LAG89   -327.5368   5443.042     -0.060      0.952    -1.1e+04    1.03e+04
SQ_RET_LAG9    1.516e+04   5747.327      2.638      0.008    3896.780    2.64e+04
SQ_RET_LAG90  -1939.3298   6568.109     -0.295      0.768   -1.48e+04    1.09e+04
SQ_RET_LAG91  -2925.8511   6414.263     -0.456      0.648   -1.55e+04    9645.873
SQ_RET_LAG92   5773.1031   3906.938      1.478      0.140   -1884.354    1.34e+04
SQ_RET_LAG93   1851.3769   4897.764      0.378      0.705   -7748.064    1.15e+04
SQ_RET_LAG94    -72.9819   6042.807     -0.012      0.990   -1.19e+04    1.18e+04
SQ_RET_LAG95   6767.9161   3890.245      1.740      0.082    -856.825    1.44e+04
SQ_RET_LAG96  -2870.5020   6736.985     -0.426      0.670   -1.61e+04    1.03e+04
SQ_RET_LAG97   7120.0905   3840.846      1.854      0.064    -407.830    1.46e+04
SQ_RET_LAG98   5109.6488   3901.492      1.310      0.190   -2537.136    1.28e+04
SQ_RET_LAG99   -251.1184   5531.586     -0.045      0.964   -1.11e+04    1.06e+04
=================================================================================