                 Generalized Linear Model Regression Results                  
==============================================================================
Dep. Variable:                      Y   No. Observations:                15172
Model:                            GLM   Df Residuals:                    15111
Model Family:                Binomial   Df Model:                           60
Link Function:                  Logit   Scale:                          1.0000
Method:                          IRLS   Log-Likelihood:                -3499.0
Date:                Sun, 24 Mar 2024   Deviance:                       6998.0
Time:                        20:54:01   Pearson chi2:                 1.48e+04
No. Iterations:                     6   Pseudo R-squ. (CS):            0.01467
Covariance Type:            nonrobust                                         
==============================================================================
                 coef    std err          z      P>|z|      [0.025      0.975]
------------------------------------------------------------------------------
Intercept     -3.0150      0.044    -67.804      0.000      -3.102      -2.928
RET_LAG1     117.8249     42.870      2.748      0.006      33.802     201.848
RET_LAG10    -12.5284     42.881     -0.292      0.770     -96.574      71.517
RET_LAG11    -16.6345     42.638     -0.390      0.696    -100.204      66.935
RET_LAG12    -51.2998     42.586     -1.205      0.228    -134.767      32.167
RET_LAG13    -40.1568     42.061     -0.955      0.340    -122.595      42.281
RET_LAG14      2.7231     42.474      0.064      0.949     -80.524      85.970
RET_LAG15   -107.4486     42.191     -2.547      0.011    -190.142     -24.755
RET_LAG16    -31.6178     41.954     -0.754      0.451    -113.846      50.611
RET_LAG17    -71.5891     41.593     -1.721      0.085    -153.109       9.931
RET_LAG18      8.3275     41.827      0.199      0.842     -73.652      90.307
RET_LAG19     38.0066     42.407      0.896      0.370     -45.110     121.124
RET_LAG2     -82.4694     42.928     -1.921      0.055    -166.606       1.667
RET_LAG20    -80.0342     42.683     -1.875      0.061    -163.691       3.623
RET_LAG21    -12.8918     42.220     -0.305      0.760     -95.642      69.859
RET_LAG22    -58.8681     41.944     -1.403      0.160    -141.078      23.341
RET_LAG23     42.7672     42.232      1.013      0.311     -40.006     125.541
RET_LAG24     26.1169     42.759      0.611      0.541     -57.689     109.923
RET_LAG25      5.1309     42.815      0.120      0.905     -78.785      89.047
RET_LAG26     -7.4640     42.760     -0.175      0.861     -91.273      76.345
RET_LAG27    -61.7144     42.060     -1.467      0.142    -144.151      20.722
RET_LAG28     63.5503     42.179      1.507      0.132     -19.120     146.220
RET_LAG29    -57.8177     42.676     -1.355      0.175    -141.462      25.826
RET_LAG3      36.1216     42.051      0.859      0.390     -46.298     118.541
RET_LAG30      4.6403     42.421      0.109      0.913     -78.504      87.784
RET_LAG4      74.0468     43.466      1.704      0.088     -11.145     159.239
RET_LAG5       3.7986     43.467      0.087      0.930     -81.395      88.992
RET_LAG6      17.1502     42.920      0.400      0.689     -66.971     101.271
RET_LAG7    -113.2338     42.725     -2.650      0.008    -196.974     -29.494
RET_LAG8     -29.6535     41.842     -0.709      0.479    -111.661      52.355
RET_LAG9      35.1820     42.497      0.828      0.408     -48.110     118.474
VOL_LAG1    1.869e-07   6.48e-08      2.884      0.004    5.99e-08    3.14e-07
VOL_LAG10   8.103e-08    7.8e-08      1.039      0.299   -7.19e-08    2.34e-07
VOL_LAG11    1.45e-07   7.07e-08      2.050      0.040    6.39e-09    2.84e-07
VOL_LAG12    1.21e-07   7.36e-08      1.643      0.100   -2.33e-08    2.65e-07
VOL_LAG13   1.328e-07   7.12e-08      1.864      0.062    -6.8e-09    2.72e-07
VOL_LAG14   1.076e-07   7.64e-08      1.408      0.159   -4.21e-08    2.57e-07
VOL_LAG15   9.777e-08   7.75e-08      1.261      0.207   -5.42e-08     2.5e-07
VOL_LAG16   1.323e-07   7.53e-08      1.756      0.079   -1.54e-08     2.8e-07
VOL_LAG17   4.964e-08   9.32e-08      0.533      0.594   -1.33e-07    2.32e-07
VOL_LAG18   6.321e-08   8.66e-08      0.730      0.465   -1.07e-07    2.33e-07
VOL_LAG19   1.104e-07   7.99e-08      1.381      0.167   -4.62e-08    2.67e-07
VOL_LAG2    2.592e-07   6.52e-08      3.976      0.000    1.31e-07    3.87e-07
VOL_LAG20   6.974e-08   8.71e-08      0.801      0.423   -1.01e-07     2.4e-07
VOL_LAG21   7.153e-08   9.13e-08      0.784      0.433   -1.07e-07     2.5e-07
VOL_LAG22   3.676e-08   9.75e-08      0.377      0.706   -1.54e-07    2.28e-07
VOL_LAG23   1.256e-07   7.88e-08      1.595      0.111   -2.88e-08     2.8e-07
VOL_LAG24   7.012e-08   9.07e-08      0.773      0.439   -1.08e-07    2.48e-07
VOL_LAG25   9.034e-08   8.56e-08      1.055      0.291   -7.75e-08    2.58e-07
VOL_LAG26   9.223e-08   8.92e-08      1.034      0.301   -8.25e-08    2.67e-07
VOL_LAG27   5.442e-08   9.96e-08      0.547      0.585   -1.41e-07     2.5e-07
VOL_LAG28   5.408e-08   1.02e-07      0.532      0.594   -1.45e-07    2.53e-07
VOL_LAG29   4.406e-08   1.01e-07      0.438      0.661   -1.53e-07    2.41e-07
VOL_LAG3    1.597e-07   6.67e-08      2.394      0.017    2.89e-08     2.9e-07
VOL_LAG30   1.492e-07   7.93e-08      1.882      0.060   -6.19e-09    3.05e-07
VOL_LAG4    1.243e-07      7e-08      1.775      0.076    -1.3e-08    2.61e-07
VOL_LAG5    1.184e-07   7.13e-08      1.660      0.097   -2.14e-08    2.58e-07
VOL_LAG6    1.388e-07   7.04e-08      1.972      0.049    8.69e-10    2.77e-07
VOL_LAG7    1.149e-07   7.21e-08      1.594      0.111   -2.63e-08    2.56e-07
VOL_LAG8    1.087e-07   7.28e-08      1.493      0.135    -3.4e-08    2.51e-07
VOL_LAG9    1.413e-07   7.01e-08      2.016      0.044    3.95e-09    2.79e-07
==============================================================================