                 Generalized Linear Model Regression Results                  
==============================================================================
Dep. Variable:                      Y   No. Observations:                15508
Model:                            GLM   Df Residuals:                    15267
Model Family:                Binomial   Df Model:                          240
Link Function:                  Logit   Scale:                          1.0000
Method:                          IRLS   Log-Likelihood:                -2850.0
Date:                Sun, 17 Mar 2024   Deviance:                       5700.0
Time:                        19:25:29   Pearson chi2:                 1.41e+04
No. Iterations:                    49   Pseudo R-squ. (CS):            0.04873
Covariance Type:            nonrobust                                         
=================================================================================
                    coef    std err          z      P>|z|      [0.025      0.975]
---------------------------------------------------------------------------------
Intercept        -3.4059      0.067    -50.949      0.000      -3.537      -3.275
SQ_RET_LAG1    1.204e+04   4310.321      2.793      0.005    3590.856    2.05e+04
SQ_RET_LAG10   6686.6408   3635.796      1.839      0.066    -439.389    1.38e+04
SQ_RET_LAG100 -1.301e+04   1.24e+04     -1.052      0.293   -3.73e+04    1.12e+04
SQ_RET_LAG101 -5868.2130   8741.311     -0.671      0.502    -2.3e+04    1.13e+04
SQ_RET_LAG102 -9492.2758   1.13e+04     -0.837      0.403   -3.17e+04    1.27e+04
SQ_RET_LAG103 -8026.1845   1.06e+04     -0.759      0.448   -2.87e+04    1.27e+04
SQ_RET_LAG104  3438.1177   5291.088      0.650      0.516   -6932.225    1.38e+04
SQ_RET_LAG105 -8915.9906   1.12e+04     -0.799      0.425   -3.08e+04     1.3e+04
SQ_RET_LAG106  1803.0975   5811.911      0.310      0.756   -9588.039    1.32e+04
SQ_RET_LAG107  8398.4978   4225.231      1.988      0.047     117.197    1.67e+04
SQ_RET_LAG108  6284.7129   3953.150      1.590      0.112   -1463.318     1.4e+04
SQ_RET_LAG109  1669.3086   5482.772      0.304      0.761   -9076.727    1.24e+04
SQ_RET_LAG11   3334.7665   3786.777      0.881      0.379   -4087.180    1.08e+04
SQ_RET_LAG110  6069.7983   4582.351      1.325      0.185   -2911.445    1.51e+04
SQ_RET_LAG111   2.43e+04   8875.236      2.738      0.006    6906.118    4.17e+04
SQ_RET_LAG112 -4547.3261   6225.490     -0.730      0.465   -1.67e+04    7654.410
SQ_RET_LAG113  8098.2050   4023.968      2.012      0.044     211.372     1.6e+04
SQ_RET_LAG114  -394.8741   5458.717     -0.072      0.942   -1.11e+04    1.03e+04
SQ_RET_LAG115  1277.9605   5013.205      0.255      0.799   -8547.741    1.11e+04
SQ_RET_LAG116  4509.1481   6016.136      0.750      0.454   -7282.261    1.63e+04
SQ_RET_LAG117  4951.4503   4912.034      1.008      0.313   -4675.960    1.46e+04
SQ_RET_LAG118   1.19e+04   5278.193      2.255      0.024    1555.593    2.22e+04
SQ_RET_LAG119  2893.8574   4690.816      0.617      0.537   -6299.973    1.21e+04
SQ_RET_LAG12   3605.4021   3678.161      0.980      0.327   -3603.661    1.08e+04
SQ_RET_LAG120  3721.9943   4254.329      0.875      0.382   -4616.338    1.21e+04
SQ_RET_LAG13   8001.6205   3602.459      2.221      0.026     940.931    1.51e+04
SQ_RET_LAG14   6812.7696   3506.179      1.943      0.052     -59.215    1.37e+04
SQ_RET_LAG15   1438.0389   4530.865      0.317      0.751   -7442.294    1.03e+04
SQ_RET_LAG16   5750.1869   3591.497      1.601      0.109   -1289.017    1.28e+04
SQ_RET_LAG17   4362.2614   3813.312      1.144      0.253   -3111.693    1.18e+04
SQ_RET_LAG18   7355.6418   3630.871      2.026      0.043     239.265    1.45e+04
SQ_RET_LAG19   1095.2570   4456.812      0.246      0.806   -7639.934    9830.448
SQ_RET_LAG2    6128.8523   3546.840      1.728      0.084    -822.827    1.31e+04
SQ_RET_LAG20   4544.5376   3713.204      1.224      0.221   -2733.208    1.18e+04
SQ_RET_LAG21   8056.0443   3606.731      2.234      0.026     986.982    1.51e+04
SQ_RET_LAG22   2905.3373   3845.354      0.756      0.450   -4631.419    1.04e+04
SQ_RET_LAG23   7057.0906   3497.429      2.018      0.044     202.256    1.39e+04
SQ_RET_LAG24    661.7404   4723.538      0.140      0.889   -8596.223    9919.704
SQ_RET_LAG25  -2953.7172   6282.776     -0.470      0.638   -1.53e+04    9360.298
SQ_RET_LAG26   7586.0542   3516.294      2.157      0.031     694.245    1.45e+04
SQ_RET_LAG27   4362.3912   4100.955      1.064      0.287   -3675.332    1.24e+04
SQ_RET_LAG28  -1579.3907   6361.682     -0.248      0.804    -1.4e+04    1.09e+04
SQ_RET_LAG29   -344.5810   5591.393     -0.062      0.951   -1.13e+04    1.06e+04
SQ_RET_LAG3    7259.6115   3674.462      1.976      0.048      57.799    1.45e+04
SQ_RET_LAG30   3916.5715   4081.547      0.960      0.337   -4083.113    1.19e+04
SQ_RET_LAG31   2709.2386   4509.569      0.601      0.548   -6129.354    1.15e+04
SQ_RET_LAG32   1703.3055   4820.082      0.353      0.724   -7743.881    1.12e+04
SQ_RET_LAG33   4396.6688   4182.767      1.051      0.293   -3801.403    1.26e+04
SQ_RET_LAG34   -302.3937   6037.437     -0.050      0.960   -1.21e+04    1.15e+04
SQ_RET_LAG35   7212.7396   3598.948      2.004      0.045     158.930    1.43e+04
SQ_RET_LAG36   8211.6076   3604.272      2.278      0.023    1147.364    1.53e+04
SQ_RET_LAG37   7496.8899   3996.322      1.876      0.061    -335.758    1.53e+04
SQ_RET_LAG38   6974.4546   3542.863      1.969      0.049      30.570    1.39e+04
SQ_RET_LAG39    590.6294   5226.779      0.113      0.910   -9653.669    1.08e+04
SQ_RET_LAG4    8310.7747   3843.154      2.162      0.031     778.331    1.58e+04
SQ_RET_LAG40   5419.9065   3639.237      1.489      0.136   -1712.868    1.26e+04
SQ_RET_LAG41   2876.6779   4503.731      0.639      0.523   -5950.472    1.17e+04
SQ_RET_LAG42   3782.4262   4136.178      0.914      0.360   -4324.335    1.19e+04
SQ_RET_LAG43   4351.9763   4097.787      1.062      0.288   -3679.539    1.24e+04
SQ_RET_LAG44   5282.7112   3718.310      1.421      0.155   -2005.043    1.26e+04
SQ_RET_LAG45   6618.0146   3637.910      1.819      0.069    -512.158    1.37e+04
SQ_RET_LAG46    246.1180   5488.306      0.045      0.964   -1.05e+04     1.1e+04
SQ_RET_LAG47   5972.6524   3780.272      1.580      0.114   -1436.545    1.34e+04
SQ_RET_LAG48  -1176.9498   6275.620     -0.188      0.851   -1.35e+04    1.11e+04
SQ_RET_LAG49   2284.9188   5005.391      0.456      0.648   -7525.467    1.21e+04
SQ_RET_LAG5    4253.6063   3602.513      1.181      0.238   -2807.189    1.13e+04
SQ_RET_LAG50   4332.3265   3981.714      1.088      0.277   -3471.690    1.21e+04
SQ_RET_LAG51   5680.4168   3847.734      1.476      0.140   -1861.004    1.32e+04
SQ_RET_LAG52  -1.136e+04   1.05e+04     -1.082      0.279   -3.19e+04    9223.529
SQ_RET_LAG53   -264.8543   6377.795     -0.042      0.967   -1.28e+04    1.22e+04
SQ_RET_LAG54    142.6128   5626.949      0.025      0.980   -1.09e+04    1.12e+04
SQ_RET_LAG55   2758.9862   4432.223      0.622      0.534   -5928.012    1.14e+04
SQ_RET_LAG56   2498.0661   5078.051      0.492      0.623   -7454.730    1.25e+04
SQ_RET_LAG57   5781.0469   3769.016      1.534      0.125   -1606.089    1.32e+04
SQ_RET_LAG58   3195.5265   4349.225      0.735      0.463   -5328.798    1.17e+04
SQ_RET_LAG59   5845.6647   3492.604      1.674      0.094    -999.713    1.27e+04
SQ_RET_LAG6    8794.0370   3849.451      2.284      0.022    1249.253    1.63e+04
SQ_RET_LAG60   6141.8995   3509.454      1.750      0.080    -736.505     1.3e+04
SQ_RET_LAG61   8252.2818   4076.366      2.024      0.043     262.752    1.62e+04
SQ_RET_LAG62   5066.7865   3888.719      1.303      0.193   -2554.962    1.27e+04
SQ_RET_LAG63   3283.7474   4079.231      0.805      0.421   -4711.399    1.13e+04
SQ_RET_LAG64   1006.3148   4491.308      0.224      0.823   -7796.488    9809.117
SQ_RET_LAG65   3698.2889   4186.526      0.883      0.377   -4507.152    1.19e+04
SQ_RET_LAG66   5153.2423   4129.689      1.248      0.212   -2940.799    1.32e+04
SQ_RET_LAG67   7586.7714   4039.391      1.878      0.060    -330.290    1.55e+04
SQ_RET_LAG68   2410.2947   4680.305      0.515      0.607   -6762.934    1.16e+04
SQ_RET_LAG69   -521.0751   4814.774     -0.108      0.914   -9957.858    8915.708
SQ_RET_LAG7    1.311e+04   5032.244      2.604      0.009    3242.375     2.3e+04
SQ_RET_LAG70  -8899.4925   6962.973     -1.278      0.201   -2.25e+04    4747.684
SQ_RET_LAG71  -3055.5946   6197.489     -0.493      0.622   -1.52e+04    9091.262
SQ_RET_LAG72   8219.6896   3997.844      2.056      0.040     384.059    1.61e+04
SQ_RET_LAG73   5742.2343   4147.719      1.384      0.166   -2387.146    1.39e+04
SQ_RET_LAG74  -1690.5396   5407.320     -0.313      0.755   -1.23e+04    8907.613
SQ_RET_LAG75  -1070.0627   5079.234     -0.211      0.833    -1.1e+04    8885.054
SQ_RET_LAG76   5803.1275   3925.944      1.478      0.139   -1891.582    1.35e+04
SQ_RET_LAG77   -483.1935   5207.950     -0.093      0.926   -1.07e+04    9724.200
SQ_RET_LAG78   1230.9557   5075.134      0.243      0.808   -8716.124    1.12e+04
SQ_RET_LAG79   3381.7640   3999.511      0.846      0.398   -4457.134    1.12e+04
SQ_RET_LAG8    7416.7396   3785.970      1.959      0.050      -3.625    1.48e+04
SQ_RET_LAG80  -1688.1496   5279.810     -0.320      0.749    -1.2e+04    8660.088
SQ_RET_LAG81  -2384.7839   5908.100     -0.404      0.686    -1.4e+04    9194.879
SQ_RET_LAG82   1773.7516   4542.407      0.390      0.696   -7129.202    1.07e+04
SQ_RET_LAG83   2967.8251   3993.150      0.743      0.457   -4858.606    1.08e+04
SQ_RET_LAG84   -329.7686   5056.721     -0.065      0.948   -1.02e+04    9581.222
SQ_RET_LAG85    -40.4331   5065.428     -0.008      0.994   -9968.489    9887.623
SQ_RET_LAG86    467.9479   4987.483      0.094      0.925   -9307.339    1.02e+04
SQ_RET_LAG87   1376.4536   5115.704      0.269      0.788   -8650.143    1.14e+04
SQ_RET_LAG88  -2265.6959   5850.273     -0.387      0.699   -1.37e+04    9200.629
SQ_RET_LAG89   -353.8622   5762.834     -0.061      0.951   -1.16e+04    1.09e+04
SQ_RET_LAG9     1.09e+04   4639.277      2.350      0.019    1809.953       2e+04
SQ_RET_LAG90  -2449.4406   6407.302     -0.382      0.702    -1.5e+04    1.01e+04
SQ_RET_LAG91  -1368.5864   6144.706     -0.223      0.824   -1.34e+04    1.07e+04
SQ_RET_LAG92   6577.0384   4311.570      1.525      0.127   -1873.484     1.5e+04
SQ_RET_LAG93   -230.9476   5353.004     -0.043      0.966   -1.07e+04    1.03e+04
SQ_RET_LAG94  -1201.3506   6064.818     -0.198      0.843   -1.31e+04    1.07e+04
SQ_RET_LAG95   4765.5530   4042.202      1.179      0.238   -3157.018    1.27e+04
SQ_RET_LAG96  -2981.2416   6596.335     -0.452      0.651   -1.59e+04    9947.337
SQ_RET_LAG97   6143.8024   4377.952      1.403      0.161   -2436.827    1.47e+04
SQ_RET_LAG98   7817.0718   4912.989      1.591      0.112   -1812.210    1.74e+04
SQ_RET_LAG99   -692.5156   5162.869     -0.134      0.893   -1.08e+04    9426.522
VOL_LAG1       4.199e-07   8.12e-08      5.169      0.000    2.61e-07    5.79e-07
VOL_LAG10      2.695e-07   1.02e-07      2.631      0.009    6.87e-08     4.7e-07
VOL_LAG100     5.318e-08   2.27e-07      0.235      0.815   -3.91e-07    4.98e-07
VOL_LAG101     1.141e-07   2.09e-07      0.547      0.585   -2.95e-07    5.23e-07
VOL_LAG102    -2.408e-07   4.16e-07     -0.579      0.563   -1.06e-06    5.75e-07
VOL_LAG103      1.97e-07   1.83e-07      1.074      0.283   -1.62e-07    5.56e-07
VOL_LAG104    -2.996e-07   4.46e-07     -0.672      0.502   -1.17e-06    5.74e-07
VOL_LAG105    -4.363e-08   2.97e-07     -0.147      0.883   -6.26e-07    5.39e-07
VOL_LAG106    -2.863e-07   4.39e-07     -0.652      0.515   -1.15e-06    5.75e-07
VOL_LAG107     6.038e-08   2.33e-07      0.259      0.796   -3.97e-07    5.17e-07
VOL_LAG108     -1.04e-07   2.95e-07     -0.352      0.725   -6.83e-07    4.75e-07
VOL_LAG109      2.13e-07   1.49e-07      1.433      0.152   -7.83e-08    5.04e-07
VOL_LAG11     -6.909e-08   1.91e-07     -0.363      0.717   -4.43e-07    3.04e-07
VOL_LAG110     6.809e-09   2.68e-07      0.025      0.980   -5.19e-07    5.33e-07
VOL_LAG111    -3.312e-07   4.07e-07     -0.814      0.415   -1.13e-06    4.66e-07
VOL_LAG112      2.35e-07    1.8e-07      1.305      0.192   -1.18e-07    5.88e-07
VOL_LAG113    -2.827e-07    4.3e-07     -0.658      0.511   -1.13e-06     5.6e-07
VOL_LAG114     2.436e-07   1.59e-07      1.534      0.125   -6.76e-08    5.55e-07
VOL_LAG115     4.822e-08   2.55e-07      0.189      0.850   -4.52e-07    5.48e-07
VOL_LAG116     3.471e-08   3.69e-07      0.094      0.925   -6.88e-07    7.57e-07
VOL_LAG117    -2.035e-06   8.64e-07     -2.356      0.018   -3.73e-06   -3.42e-07
VOL_LAG118    -3.419e-07    4.9e-07     -0.698      0.485    -1.3e-06    6.18e-07
VOL_LAG119    -7.109e-08    2.8e-07     -0.254      0.800    -6.2e-07    4.78e-07
VOL_LAG12      9.581e-08   1.38e-07      0.693      0.489   -1.75e-07    3.67e-07
VOL_LAG120    -1.389e-07   2.95e-07     -0.472      0.637   -7.16e-07    4.39e-07
VOL_LAG13      1.836e-07   1.25e-07      1.464      0.143   -6.22e-08    4.29e-07
VOL_LAG14     -8.721e-09   1.81e-07     -0.048      0.961   -3.63e-07    3.45e-07
VOL_LAG15      9.942e-08   1.48e-07      0.673      0.501    -1.9e-07    3.89e-07
VOL_LAG16     -3.003e-08   1.88e-07     -0.160      0.873   -3.98e-07    3.37e-07
VOL_LAG17     -1.288e-08   1.91e-07     -0.068      0.946   -3.87e-07    3.61e-07
VOL_LAG18     -6.064e-08   2.07e-07     -0.293      0.770   -4.67e-07    3.46e-07
VOL_LAG19      7.785e-08   1.44e-07      0.542      0.588   -2.04e-07     3.6e-07
VOL_LAG2       1.699e-07   1.02e-07      1.672      0.095   -2.93e-08    3.69e-07
VOL_LAG20      5.444e-08   1.58e-07      0.345      0.730   -2.55e-07    3.64e-07
VOL_LAG21      4.237e-08   1.61e-07      0.263      0.793   -2.74e-07    3.58e-07
VOL_LAG22     -3.244e-08   1.87e-07     -0.173      0.863      -4e-07    3.35e-07
VOL_LAG23      7.429e-08    1.5e-07      0.494      0.622   -2.21e-07    3.69e-07
VOL_LAG24      1.372e-07   1.37e-07      0.999      0.318   -1.32e-07    4.06e-07
VOL_LAG25      1.019e-08   1.75e-07      0.058      0.954   -3.33e-07    3.53e-07
VOL_LAG26      1.925e-07   1.28e-07      1.502      0.133   -5.86e-08    4.44e-07
VOL_LAG27      5.413e-08   1.81e-07      0.300      0.764      -3e-07    4.08e-07
VOL_LAG28     -1.463e-07   2.65e-07     -0.553      0.580   -6.65e-07    3.72e-07
VOL_LAG29     -7.558e-08   2.39e-07     -0.316      0.752   -5.44e-07    3.93e-07
VOL_LAG3       9.594e-08   1.14e-07      0.843      0.399   -1.27e-07    3.19e-07
VOL_LAG30      1.741e-07    1.4e-07      1.239      0.215   -1.01e-07    4.49e-07
VOL_LAG31     -1.966e-09   2.04e-07     -0.010      0.992   -4.02e-07    3.98e-07
VOL_LAG32     -1.089e-07   2.44e-07     -0.446      0.655   -5.87e-07    3.69e-07
VOL_LAG33      9.622e-08   1.79e-07      0.536      0.592   -2.55e-07    4.48e-07
VOL_LAG34     -6.003e-08    2.3e-07     -0.261      0.794   -5.12e-07    3.92e-07
VOL_LAG35      5.323e-08   1.87e-07      0.285      0.776   -3.13e-07     4.2e-07
VOL_LAG36     -9.357e-08    2.3e-07     -0.407      0.684   -5.44e-07    3.57e-07
VOL_LAG37      1.902e-07   1.55e-07      1.223      0.221   -1.15e-07    4.95e-07
VOL_LAG38     -4.531e-07   3.51e-07     -1.291      0.197   -1.14e-06    2.35e-07
VOL_LAG39      1.305e-07   1.52e-07      0.857      0.392   -1.68e-07    4.29e-07
VOL_LAG4       2.458e-07   9.16e-08      2.684      0.007    6.63e-08    4.25e-07
VOL_LAG40     -5.675e-08   2.37e-07     -0.240      0.811   -5.21e-07    4.07e-07
VOL_LAG41      7.082e-08   1.74e-07      0.408      0.683    -2.7e-07    4.11e-07
VOL_LAG42     -9.707e-08   2.55e-07     -0.381      0.704   -5.97e-07    4.03e-07
VOL_LAG43     -3.861e-09   2.14e-07     -0.018      0.986   -4.23e-07    4.15e-07
VOL_LAG44     -1.022e-08   2.08e-07     -0.049      0.961   -4.19e-07    3.98e-07
VOL_LAG45      5.136e-08   1.77e-07      0.291      0.771   -2.95e-07    3.98e-07
VOL_LAG46      3.363e-08   1.97e-07      0.171      0.864   -3.52e-07    4.19e-07
VOL_LAG47      -6.12e-08   2.48e-07     -0.247      0.805   -5.47e-07    4.25e-07
VOL_LAG48     -8.718e-08   2.38e-07     -0.366      0.715   -5.54e-07     3.8e-07
VOL_LAG49       1.18e-07   1.74e-07      0.679      0.497   -2.23e-07    4.59e-07
VOL_LAG5       2.397e-07   9.38e-08      2.554      0.011    5.58e-08    4.24e-07
VOL_LAG50     -1.969e-07   2.93e-07     -0.672      0.502   -7.71e-07    3.78e-07
VOL_LAG51      2.152e-08   1.97e-07      0.109      0.913   -3.65e-07    4.08e-07
VOL_LAG52     -2.733e-08   2.29e-07     -0.120      0.905   -4.75e-07    4.21e-07
VOL_LAG53      3.311e-08   2.02e-07      0.164      0.870   -3.63e-07    4.29e-07
VOL_LAG54      1.554e-08   2.01e-07      0.077      0.939   -3.79e-07     4.1e-07
VOL_LAG55      2.035e-08   1.85e-07      0.110      0.913   -3.43e-07    3.84e-07
VOL_LAG56      1.251e-07   1.66e-07      0.752      0.452   -2.01e-07    4.51e-07
VOL_LAG57     -9.582e-08   2.53e-07     -0.379      0.705   -5.92e-07       4e-07
VOL_LAG58       4.03e-08    1.9e-07      0.212      0.832   -3.33e-07    4.13e-07
VOL_LAG59     -7.939e-09   2.04e-07     -0.039      0.969   -4.07e-07    3.91e-07
VOL_LAG6       1.407e-07   1.13e-07      1.246      0.213   -8.07e-08    3.62e-07
VOL_LAG60      2.353e-07   1.22e-07      1.932      0.053   -3.38e-09    4.74e-07
VOL_LAG61      2.054e-07   1.49e-07      1.383      0.167   -8.57e-08    4.96e-07
VOL_LAG62     -3.607e-07   3.33e-07     -1.082      0.279   -1.01e-06    2.93e-07
VOL_LAG63     -1.622e-08   2.19e-07     -0.074      0.941   -4.45e-07    4.13e-07
VOL_LAG64      7.551e-08    1.9e-07      0.397      0.691   -2.97e-07    4.48e-07
VOL_LAG65     -7.441e-08   2.45e-07     -0.303      0.762   -5.55e-07    4.06e-07
VOL_LAG66      6.691e-08   1.84e-07      0.363      0.716   -2.94e-07    4.28e-07
VOL_LAG67      3.826e-08   1.86e-07      0.205      0.837   -3.27e-07    4.03e-07
VOL_LAG68      1.282e-07   1.78e-07      0.720      0.472   -2.21e-07    4.77e-07
VOL_LAG69     -1.545e-07   2.81e-07     -0.549      0.583   -7.06e-07    3.97e-07
VOL_LAG7       1.761e-07   1.09e-07      1.617      0.106   -3.74e-08     3.9e-07
VOL_LAG70      6.739e-08   2.15e-07      0.314      0.754   -3.54e-07    4.88e-07
VOL_LAG71     -3.841e-07   4.12e-07     -0.931      0.352   -1.19e-06    4.24e-07
VOL_LAG72      6.218e-08   2.03e-07      0.306      0.759   -3.36e-07     4.6e-07
VOL_LAG73      3.997e-08   2.05e-07      0.195      0.845   -3.62e-07    4.42e-07
VOL_LAG74      5.408e-08   1.85e-07      0.293      0.770   -3.08e-07    4.16e-07
VOL_LAG75      7.961e-08   1.77e-07      0.450      0.653   -2.67e-07    4.27e-07
VOL_LAG76      1.365e-07   1.58e-07      0.864      0.388   -1.73e-07    4.46e-07
VOL_LAG77      1.457e-07   2.08e-07      0.702      0.483   -2.61e-07    5.53e-07
VOL_LAG78     -5.672e-07   5.02e-07     -1.130      0.258   -1.55e-06    4.16e-07
VOL_LAG79     -1.819e-07   3.14e-07     -0.579      0.562   -7.97e-07    4.33e-07
VOL_LAG8       1.078e-07   1.25e-07      0.866      0.386   -1.36e-07    3.52e-07
VOL_LAG80       1.96e-07   1.62e-07      1.207      0.227   -1.22e-07    5.14e-07
VOL_LAG81     -1.114e-07   2.98e-07     -0.373      0.709   -6.96e-07    4.73e-07
VOL_LAG82     -2.572e-07   3.54e-07     -0.727      0.467   -9.51e-07    4.36e-07
VOL_LAG83      1.312e-07   1.57e-07      0.837      0.402   -1.76e-07    4.38e-07
VOL_LAG84      3.096e-07   1.16e-07      2.667      0.008    8.21e-08    5.37e-07
VOL_LAG85      -7.86e-08   2.53e-07     -0.310      0.756   -5.75e-07    4.18e-07
VOL_LAG86      1.592e-07   1.68e-07      0.948      0.343    -1.7e-07    4.88e-07
VOL_LAG87     -4.729e-08   2.82e-07     -0.168      0.867      -6e-07    5.06e-07
VOL_LAG88     -2.006e-07   3.41e-07     -0.588      0.556   -8.69e-07    4.68e-07
VOL_LAG89      2.281e-07   1.57e-07      1.452      0.147   -7.99e-08    5.36e-07
VOL_LAG9       1.739e-07   1.11e-07      1.571      0.116   -4.31e-08    3.91e-07
VOL_LAG90      1.845e-08   2.46e-07      0.075      0.940   -4.64e-07    5.01e-07
VOL_LAG91     -1.194e-07   3.34e-07     -0.358      0.720   -7.73e-07    5.35e-07
VOL_LAG92     -3.719e-07   4.59e-07     -0.810      0.418   -1.27e-06    5.28e-07
VOL_LAG93     -1.078e-07   3.07e-07     -0.351      0.726    -7.1e-07    4.94e-07
VOL_LAG94     -4.654e-08   2.66e-07     -0.175      0.861   -5.67e-07    4.74e-07
VOL_LAG95      5.634e-08   1.92e-07      0.293      0.770   -3.21e-07    4.33e-07
VOL_LAG96      6.461e-08   2.07e-07      0.311      0.756   -3.42e-07    4.71e-07
VOL_LAG97      1.623e-07   1.77e-07      0.917      0.359   -1.85e-07    5.09e-07
VOL_LAG98     -1.186e-08   2.53e-07     -0.047      0.963   -5.07e-07    4.83e-07
VOL_LAG99     -4.146e-07   4.45e-07     -0.932      0.351   -1.29e-06    4.57e-07
=================================================================================