                 Generalized Linear Model Regression Results                  
==============================================================================
Dep. Variable:                      Y   No. Observations:                15172
Model:                            GLM   Df Residuals:                    15081
Model Family:                Binomial   Df Model:                           90
Link Function:                  Logit   Scale:                          1.0000
Method:                          IRLS   Log-Likelihood:                -3260.9
Date:                Sun, 17 Mar 2024   Deviance:                       6521.9
Time:                        19:20:35   Pearson chi2:                 1.46e+04
No. Iterations:                     7   Pseudo R-squ. (CS):            0.04511
Covariance Type:            nonrobust                                         
==============================================================================
                 coef    std err          z      P>|z|      [0.025      0.975]
------------------------------------------------------------------------------
Intercept     -3.5051      0.056    -62.721      0.000      -3.615      -3.396
RET_LAG1     267.3923     43.961      6.082      0.000     181.230     353.555
RET_LAG10     78.3798     46.811      1.674      0.094     -13.368     170.128
RET_LAG11    114.5298     45.990      2.490      0.013      24.391     204.669
RET_LAG12     28.7800     46.951      0.613      0.540     -63.242     120.802
RET_LAG13    106.5161     45.836      2.324      0.020      16.678     196.354
RET_LAG14     38.9306     46.524      0.837      0.403     -52.255     130.116
RET_LAG15     31.6309     47.015      0.673      0.501     -60.517     123.778
RET_LAG16     21.5307     46.128      0.467      0.641     -68.879     111.940
RET_LAG17    -41.2886     47.161     -0.875      0.381    -133.723      51.146
RET_LAG18     93.1117     45.681      2.038      0.042       3.578     182.646
RET_LAG19     99.3918     46.277      2.148      0.032       8.690     190.094
RET_LAG2      27.6214     47.414      0.583      0.560     -65.309     120.552
RET_LAG20      8.2098     47.670      0.172      0.863     -85.223     101.642
RET_LAG21     44.4931     46.858      0.950      0.342     -47.347     136.333
RET_LAG22     -8.0229     47.630     -0.168      0.866    -101.375      85.330
RET_LAG23     65.0550     46.527      1.398      0.162     -26.136     156.247
RET_LAG24     28.7689     47.498      0.606      0.545     -64.326     121.864
RET_LAG25     39.8690     47.374      0.842      0.400     -52.983     132.721
RET_LAG26     51.4501     47.336      1.087      0.277     -41.326     144.226
RET_LAG27     16.0387     47.541      0.337      0.736     -77.139     109.216
RET_LAG28     96.6167     46.658      2.071      0.038       5.170     188.064
RET_LAG29     21.9974     47.581      0.462      0.644     -71.259     115.254
RET_LAG3     146.3919     45.133      3.244      0.001      57.933     234.851
RET_LAG30     65.3088     46.473      1.405      0.160     -25.778     156.395
RET_LAG4     183.0676     45.929      3.986      0.000      93.049     273.086
RET_LAG5      60.3041     47.249      1.276      0.202     -32.303     152.911
RET_LAG6     128.7800     45.888      2.806      0.005      38.841     218.719
RET_LAG7     -53.5185     48.082     -1.113      0.266    -147.757      40.720
RET_LAG8      18.9552     46.472      0.408      0.683     -72.129     110.039
RET_LAG9      79.8878     46.369      1.723      0.085     -10.993     170.769
VIOL_LAG1      0.8827      0.135      6.517      0.000       0.617       1.148
VIOL_LAG10     0.3836      0.143      2.677      0.007       0.103       0.664
VIOL_LAG11     0.5727      0.140      4.088      0.000       0.298       0.847
VIOL_LAG12     0.2294      0.145      1.582      0.114      -0.055       0.514
VIOL_LAG13     0.5843      0.140      4.181      0.000       0.310       0.858
VIOL_LAG14     0.1078      0.148      0.729      0.466      -0.182       0.398
VIOL_LAG15     0.4242      0.141      3.005      0.003       0.147       0.701
VIOL_LAG16     0.1337      0.147      0.912      0.362      -0.154       0.421
VIOL_LAG17    -0.0612      0.151     -0.406      0.685      -0.357       0.234
VIOL_LAG18     0.3322      0.145      2.287      0.022       0.048       0.617
VIOL_LAG19     0.2770      0.147      1.882      0.060      -0.011       0.566
VIOL_LAG2      0.3718      0.141      2.636      0.008       0.095       0.648
VIOL_LAG20     0.2533      0.146      1.731      0.083      -0.034       0.540
VIOL_LAG21     0.1757      0.149      1.177      0.239      -0.117       0.468
VIOL_LAG22     0.1167      0.150      0.780      0.435      -0.177       0.410
VIOL_LAG23     0.0708      0.152      0.464      0.643      -0.228       0.370
VIOL_LAG24     0.0050      0.153      0.032      0.974      -0.296       0.306
VIOL_LAG25     0.1294      0.151      0.858      0.391      -0.166       0.425
VIOL_LAG26     0.1767      0.151      1.174      0.240      -0.118       0.472
VIOL_LAG27     0.2090      0.149      1.404      0.160      -0.083       0.501
VIOL_LAG28     0.1206      0.154      0.784      0.433      -0.181       0.422
VIOL_LAG29     0.3093      0.148      2.096      0.036       0.020       0.599
VIOL_LAG3      0.5355      0.140      3.837      0.000       0.262       0.809
VIOL_LAG30     0.2511      0.149      1.683      0.092      -0.041       0.543
VIOL_LAG4      0.6436      0.139      4.615      0.000       0.370       0.917
VIOL_LAG5      0.2631      0.144      1.821      0.069      -0.020       0.546
VIOL_LAG6      0.5363      0.141      3.806      0.000       0.260       0.812
VIOL_LAG7      0.1048      0.145      0.721      0.471      -0.180       0.390
VIOL_LAG8      0.1311      0.147      0.891      0.373      -0.157       0.419
VIOL_LAG9      0.2055      0.146      1.404      0.160      -0.081       0.492
VOL_LAG1    7.669e-08   8.16e-08      0.940      0.347   -8.33e-08    2.37e-07
VOL_LAG10  -1.083e-07   1.63e-07     -0.663      0.507   -4.29e-07    2.12e-07
VOL_LAG11     9.8e-08   9.58e-08      1.023      0.306   -8.97e-08    2.86e-07
VOL_LAG12   5.926e-08   1.13e-07      0.524      0.600   -1.62e-07    2.81e-07
VOL_LAG13    7.08e-08   1.01e-07      0.704      0.482   -1.26e-07    2.68e-07
VOL_LAG14   2.129e-08   1.24e-07      0.172      0.864   -2.22e-07    2.64e-07
VOL_LAG15  -6.311e-09   1.32e-07     -0.048      0.962   -2.65e-07    2.53e-07
VOL_LAG16   9.726e-08   1.15e-07      0.842      0.400   -1.29e-07    3.24e-07
VOL_LAG17  -1.841e-07   2.33e-07     -0.791      0.429   -6.41e-07    2.72e-07
VOL_LAG18  -7.265e-08   1.72e-07     -0.423      0.672   -4.09e-07    2.64e-07
VOL_LAG19   5.521e-08    1.3e-07      0.424      0.672      -2e-07    3.11e-07
VOL_LAG2    2.099e-07   7.12e-08      2.950      0.003    7.04e-08    3.49e-07
VOL_LAG20  -4.728e-08   1.65e-07     -0.286      0.775   -3.71e-07    2.77e-07
VOL_LAG21  -6.347e-08   1.83e-07     -0.346      0.729   -4.22e-07    2.96e-07
VOL_LAG22  -1.776e-07   2.23e-07     -0.798      0.425   -6.14e-07    2.59e-07
VOL_LAG23   1.153e-07    1.1e-07      1.050      0.294      -1e-07    3.31e-07
VOL_LAG24  -5.362e-08   1.64e-07     -0.328      0.743   -3.74e-07    2.67e-07
VOL_LAG25   1.817e-08   1.35e-07      0.135      0.893   -2.45e-07    2.82e-07
VOL_LAG26   2.408e-09   1.53e-07      0.016      0.987   -2.98e-07    3.03e-07
VOL_LAG27  -9.983e-08   2.01e-07     -0.496      0.620   -4.94e-07    2.95e-07
VOL_LAG28  -9.437e-08   2.01e-07     -0.470      0.638   -4.88e-07    2.99e-07
VOL_LAG29  -1.328e-07   1.98e-07     -0.671      0.502   -5.21e-07    2.55e-07
VOL_LAG3    8.028e-08   8.59e-08      0.935      0.350   -8.81e-08    2.49e-07
VOL_LAG30   1.163e-07   1.08e-07      1.078      0.281   -9.51e-08    3.28e-07
VOL_LAG4        2e-08   1.01e-07      0.198      0.843   -1.78e-07    2.18e-07
VOL_LAG5   -1.058e-08   1.16e-07     -0.091      0.927   -2.38e-07    2.17e-07
VOL_LAG6    3.969e-08   1.02e-07      0.389      0.697    -1.6e-07     2.4e-07
VOL_LAG7    2.088e-08   1.14e-07      0.184      0.854   -2.02e-07    2.44e-07
VOL_LAG8    -2.46e-09   1.16e-07     -0.021      0.983    -2.3e-07    2.25e-07
VOL_LAG9    9.154e-08   9.78e-08      0.936      0.349      -1e-07    2.83e-07
==============================================================================