                 Generalized Linear Model Regression Results                  
==============================================================================
Dep. Variable:                      Y   No. Observations:                15508
Model:                            GLM   Df Residuals:                    15447
Model Family:                Binomial   Df Model:                           60
Link Function:                  Logit   Scale:                          1.0000
Method:                          IRLS   Log-Likelihood:                -2913.8
Date:                Sun, 24 Mar 2024   Deviance:                       5827.6
Time:                        21:05:47   Pearson chi2:                 1.45e+04
No. Iterations:                     7   Pseudo R-squ. (CS):            0.04087
Covariance Type:            nonrobust                                         
==============================================================================
                 coef    std err          z      P>|z|      [0.025      0.975]
------------------------------------------------------------------------------
Intercept     -3.6080      0.057    -63.323      0.000      -3.720      -3.496
VIOL_LAG1      0.6877      0.113      6.092      0.000       0.466       0.909
VIOL_LAG10     0.2374      0.126      1.890      0.059      -0.009       0.484
VIOL_LAG11    -0.0507      0.134     -0.378      0.706      -0.314       0.212
VIOL_LAG12     0.2221      0.127      1.754      0.079      -0.026       0.470
VIOL_LAG13     0.1786      0.128      1.394      0.163      -0.073       0.430
VIOL_LAG14     0.2504      0.127      1.979      0.048       0.002       0.498
VIOL_LAG15     0.2261      0.127      1.774      0.076      -0.024       0.476
VIOL_LAG16     0.1695      0.130      1.308      0.191      -0.084       0.423
VIOL_LAG17     0.4031      0.123      3.266      0.001       0.161       0.645
VIOL_LAG18     0.4100      0.124      3.312      0.001       0.167       0.653
VIOL_LAG19     0.2082      0.128      1.621      0.105      -0.043       0.460
VIOL_LAG2      0.4728      0.118      3.999      0.000       0.241       0.705
VIOL_LAG20     0.3469      0.125      2.765      0.006       0.101       0.593
VIOL_LAG21     0.1231      0.132      0.934      0.350      -0.135       0.382
VIOL_LAG22     0.0083      0.136      0.061      0.951      -0.258       0.275
VIOL_LAG23    -0.0725      0.139     -0.521      0.602      -0.345       0.200
VIOL_LAG24     0.0164      0.137      0.119      0.905      -0.253       0.285
VIOL_LAG25    -0.0153      0.139     -0.110      0.912      -0.288       0.258
VIOL_LAG26     0.0996      0.136      0.734      0.463      -0.166       0.365
VIOL_LAG27     0.0311      0.139      0.224      0.823      -0.241       0.303
VIOL_LAG28     0.1822      0.136      1.338      0.181      -0.085       0.449
VIOL_LAG29     0.4244      0.128      3.314      0.001       0.173       0.675
VIOL_LAG3      0.6428      0.114      5.624      0.000       0.419       0.867
VIOL_LAG30     0.1133      0.136      0.834      0.404      -0.153       0.379
VIOL_LAG4      0.3678      0.120      3.052      0.002       0.132       0.604
VIOL_LAG5      0.3857      0.120      3.203      0.001       0.150       0.622
VIOL_LAG6      0.3490      0.122      2.869      0.004       0.111       0.587
VIOL_LAG7      0.4027      0.121      3.330      0.001       0.166       0.640
VIOL_LAG8      0.0735      0.129      0.569      0.570      -0.180       0.327
VIOL_LAG9      0.3182      0.123      2.595      0.009       0.078       0.559
VOL_LAG1    4.188e-07   8.24e-08      5.082      0.000    2.57e-07     5.8e-07
VOL_LAG10   2.285e-07    1.1e-07      2.080      0.038    1.32e-08    4.44e-07
VOL_LAG11  -2.248e-07   2.41e-07     -0.933      0.351   -6.97e-07    2.47e-07
VOL_LAG12   6.806e-08   1.52e-07      0.446      0.655   -2.31e-07    3.67e-07
VOL_LAG13   1.483e-07   1.39e-07      1.064      0.288   -1.25e-07    4.22e-07
VOL_LAG14  -1.429e-07   2.26e-07     -0.632      0.528   -5.86e-07    3.01e-07
VOL_LAG15    5.94e-08   1.69e-07      0.351      0.726   -2.73e-07    3.91e-07
VOL_LAG16  -1.123e-07   2.25e-07     -0.500      0.617   -5.52e-07    3.28e-07
VOL_LAG17  -1.408e-07   2.45e-07     -0.574      0.566   -6.22e-07     3.4e-07
VOL_LAG18  -1.737e-07   2.53e-07     -0.688      0.492   -6.69e-07    3.21e-07
VOL_LAG19   6.091e-08    1.5e-07      0.405      0.685   -2.34e-07    3.55e-07
VOL_LAG2    1.386e-07   1.06e-07      1.313      0.189   -6.82e-08    3.45e-07
VOL_LAG20  -2.642e-08   1.91e-07     -0.138      0.890   -4.01e-07    3.49e-07
VOL_LAG21  -5.643e-09   1.81e-07     -0.031      0.975    -3.6e-07    3.48e-07
VOL_LAG22  -5.974e-08   1.95e-07     -0.307      0.759   -4.42e-07    3.22e-07
VOL_LAG23   9.109e-08   1.52e-07      0.600      0.549   -2.07e-07    3.89e-07
VOL_LAG24    1.29e-07   1.45e-07      0.888      0.374   -1.56e-07    4.14e-07
VOL_LAG25   -1.14e-07   2.15e-07     -0.530      0.596   -5.36e-07    3.08e-07
VOL_LAG26   1.805e-07   1.37e-07      1.316      0.188   -8.84e-08    4.49e-07
VOL_LAG27     5.6e-08   1.91e-07      0.293      0.769   -3.18e-07     4.3e-07
VOL_LAG28  -3.832e-07   3.33e-07     -1.150      0.250   -1.04e-06     2.7e-07
VOL_LAG29  -2.508e-07    2.9e-07     -0.864      0.387   -8.19e-07    3.18e-07
VOL_LAG3    4.261e-08   1.25e-07      0.340      0.734   -2.03e-07    2.88e-07
VOL_LAG30   1.262e-07   1.45e-07      0.872      0.383   -1.57e-07     4.1e-07
VOL_LAG4    2.284e-07    9.5e-08      2.404      0.016    4.22e-08    4.15e-07
VOL_LAG5    2.199e-07   9.71e-08      2.264      0.024    2.95e-08     4.1e-07
VOL_LAG6    1.056e-07   1.19e-07      0.889      0.374   -1.27e-07    3.39e-07
VOL_LAG7    1.674e-07    1.1e-07      1.520      0.128   -4.84e-08    3.83e-07
VOL_LAG8    9.219e-08   1.28e-07      0.718      0.473   -1.59e-07    3.44e-07
VOL_LAG9    1.423e-07   1.18e-07      1.205      0.228   -8.92e-08    3.74e-07
==============================================================================